2024-10-22 00:41:57.641061	0.0	0.0	0.951081004	4.999850996	-2.320253128	-3.634493572	-3.687899372	1.236878328	4.999850996	4.999850996	4.999850996	4.91867418	4.999850996	-3.795321324	-2.198945668	-3.529207852	4.999850996	4.999850996	0.000152588
2024-10-22 00:41:57.679043	0.000152588	0.000152588	2.59094424	-4.571994244	-3.530733732	-4.375155724	-1.6346752439999999	4.999850996	4.999850996	4.999850996	4.999850996	1.114807928	-3.435823996	-2.365419176	-2.301942568	3.509066236	4.999850996	4.999850996	0.000152588
2024-10-22 00:41:57.714647	0.000152588	0.000152588	4.127200224	-4.133456332	-3.465120892	4.999850996	4.999850996	4.999850996	4.999850996	4.999850996	4.662173752	-3.984530444	-3.9161710199999997	-1.0359199319999999	4.999850996	3.525393152	4.999850996	4.999850996	0.000152588
2024-10-22 00:41:57.751149	0.000152588	0.000152588	3.813479296	2.059022472	4.999850996	4.999850996	4.999850996	4.999850996	4.999850996	-3.755038092	-3.283846348	-3.632967692	4.999850996	4.533084304	4.999850996	4.001009948	4.999850996	3.3233666399999997	0.000152588
2024-10-22 00:41:57.787226	0.000152588	0.000152588	3.089601824	4.999850996	4.999850996	4.999850996	4.999850996	4.999850996	-3.637850508	-4.037020716	0.5187992	4.999850996	4.999850996	4.67834808	4.999850996	3.902590688	-4.74624974	-3.001253372	0.000152588
2024-10-22 00:41:57.823074	0.000152588	0.000152588	2.326661824	4.999850996	4.670413504	4.999850996	-2.74734694	-4.123843288	-4.11453542	2.047883548	4.999850996	4.999850996	4.999850996	4.599612672	4.830325728	-3.3523583599999998	-3.3357262679999997	4.999850996	0.000152588
2024-10-22 00:41:57.862169	0.000152588	0.000152588	0.786896316	-4.677890316	-3.425448012	-4.202426108	1.663361788	4.999850996	4.999850996	4.999850996	4.999850996	-4.5716890679999995	-4.5631441399999995	-4.2945892599999995	4.999850996	3.360598112	4.999850996	4.999850996	0.000152588
2024-10-22 00:41:57.902923	0.000152588	0.000152588	-1.430817676	4.999850996	4.999850996	4.999850996	3.355257532	-3.668368108	-4.152987596	-0.735779336	4.999850996	4.999850996	4.999850996	4.738162576	4.488070844	-3.932345348	-4.60586878	-3.863985924	0.000152588
2024-10-22 00:41:57.942778	0.000152588	0.000152588	-2.888338252	4.999850996	-0.9909064719999999	-3.938906632	-3.765414076	-0.34027124	4.999850996	4.999850996	4.999850996	4.999850996	4.999850996	-4.445956556	-4.047091524	-3.545077004	4.999850996	4.999850996	0.000152588
2024-10-22 00:41:57.978950	0.000152588	0.000152588	-3.405916748	-3.833163148	-3.658907652	-4.4026215639999995	-2.25525064	4.999850996	4.999850996	4.999850996	4.999850996	0.75836236	-3.94134804	-3.511507644	1.199494268	4.245608512	3.71399192	4.824527384	0.000152588
2024-10-22 00:41:58.015164	0.000152588	0.000152588	-3.036348612	-4.011691108	0.49667394	4.999850996	4.999850996	4.999850996	4.999850996	4.999850996	2.0324721599999998	-3.76968654	-3.7178066199999997	4.999850996	4.999850996	4.021609328	4.999850996	4.999850996	0.000152588
2024-10-22 00:41:58.051293	0.000152588	0.000152588	-2.413484396	1.967317084	4.999850996	4.999850996	4.999850996	4.999850996	4.999850996	-4.643710604	-4.094393804	-3.49197638	4.999850996	4.37469796	4.999850996	3.9678983519999997	4.999850996	2.578126848	0.000152588
2024-10-22 00:41:58.087428	0.000152588	0.000152588	-1.380311048	4.999850996	4.999850996	4.999850996	4.999850996	4.781497568	-3.945467916	-4.01993086	-0.095214912	4.999850996	4.999850996	3.9062528	4.999850996	4.221194432	-4.3849213559999995	-2.87933556	0.000152588
2024-10-22 00:41:58.123217	0.000152588	0.000152588	0.089416568	4.999850996	4.6337923839999995	4.999850996	-4.454501484	-4.41665966	-4.179843084	2.555238648	4.999850996	4.999850996	4.999850996	4.999850996	4.666293628	-3.880770604	-4.1517668919999995	-3.397066644	0.000152588
2024-10-22 00:41:58.160410	0.000152588	0.000152588	1.8585218399999999	4.999850996	-3.404696044	-4.371493612	-1.8905653199999999	4.999850996	4.999850996	4.999850996	4.999850996	0.734863808	-3.91159338	-2.9127523319999997	1.78299078	3.707278048	3.39966064	4.887698816	0.000152588
2024-10-22 00:41:58.198612	0.000152588	0.000152588	3.490297912	-4.129183868	-3.29666374	4.999850996	4.999850996	4.999850996	4.999850996	4.999850996	4.1174345919999995	-3.969881996	-3.969881996	4.999850996	4.70047334	3.9062528	4.999850996	4.999850996	0.000152588
2024-10-22 00:41:58.234979	0.000152588	0.000152588	3.74298364	4.033206016	3.650515312	4.999850996	4.999850996	4.999850996	4.999850996	-4.441684092	-3.291170572	-3.468172652	4.999850996	4.758914544	4.999850996	4.031527548	4.999850996	2.3890703159999997	0.000152588
2024-10-22 00:41:58.270615	0.000152588	0.000152588	3.39966064	4.999850996	4.999850996	4.999850996	4.999850996	4.999850996	-3.831026916	-4.048617404	0.093536444	4.999850996	4.999850996	3.629152992	4.999850996	4.0649443199999995	-3.49884284	-3.759920908	0.000152588
2024-10-22 00:41:58.306379	0.000152588	0.000152588	2.637941344	4.999850996	3.26004262	4.999850996	-0.96969674	-4.170687804	-4.094393804	2.1382156439999997	4.999850996	4.999850996	4.999850996	4.40674144	4.556888032	-3.903353628	-4.1371184439999995	-3.546602884	0.000152588
2024-10-22 00:41:58.342590	0.000152588	0.000152588	1.508790144	4.999850996	0.47027621599999997	-3.4735132319999997	-3.798983436	-3.5939051639999997	-2.949983804	4.999850996	4.999850996	4.999850996	4.999850996	2.3994463	-4.472812044	-4.023592972	-0.826874372	4.999850996	0.000152588
2024-10-22 00:41:58.378039	0.000152588	0.000152588	-0.081329404	4.999850996	-3.776553	-4.238436876	-3.364412812	4.999850996	4.999850996	4.999850996	4.999850996	4.999850996	-3.056795404	-3.420565196	-3.7455776359999997	-2.773592076	4.999850996	4.999850996	0.000152588
2024-10-22 00:41:58.414084	0.000152588	0.000152588	-1.674348124	-4.37774972	-3.50418342	-0.93612738	4.999850996	4.999850996	4.999850996	4.999850996	4.999850996	-4.517978092	-2.642976748	-4.229891948	4.999850996	3.975832928	4.999850996	4.999850996	0.000152588
2024-10-22 00:41:58.449729	0.000152588	0.000152588	-3.036348612	-3.805239544	4.887698816	4.999850996	4.999850996	4.999850996	4.999850996	4.999850996	-4.75235326	-3.869784268	-2.937166412	4.999850996	4.999850996	3.963931064	4.999850996	4.999850996	0.000152588
2024-10-22 00:41:58.485184	0.000152588	0.000152588	-3.344881548	4.181063788	4.396975808	4.999850996	4.999850996	4.999850996	4.999850996	-3.9482144999999997	-3.911288204	-3.448641388	4.999850996	4.185794016	4.397891336	4.11377248	4.680789488	1.49002182	0.000152588
2024-10-22 00:41:58.520709	0.000152588	0.000152588	-2.796327688	4.999850996	4.651187416	4.999850996	3.9883451439999997	4.999850996	-3.84445466	-4.223788428	-2.864687112	4.999850996	4.999850996	4.7680698239999995	4.999850996	4.043276824	-2.887422724	-3.458712196	0.000152588
2024-10-22 00:41:58.556453	0.000152588	0.000152588	-1.98898458	4.999850996	4.526980784	4.999850996	-3.468172652	-4.351962348	-4.134677036	2.337953336	4.999850996	4.999850996	4.999850996	4.61426112	4.999850996	-3.906405388	-2.67868234	-3.967440588	0.000152588
2024-10-22 00:41:58.592559	0.000152588	0.000152588	-1.2101754279999999	4.999850996	0.808868988	-3.531954436	-3.857577228	-3.494417788	-2.559511112	4.999850996	4.999850996	4.999850996	4.999850996	3.111421908	-4.181063788	-1.027527592	-0.260467716	4.999850996	0.000152588
2024-10-22 00:41:58.628123	0.000152588	0.000152588	0.417023004	4.999850996	-3.785555692	-3.9381436919999997	-3.371737036	4.693912056	4.999850996	4.999850996	4.999850996	4.7418246879999995	2.913362684	-3.779757348	-2.93960782	-3.1308005839999997	4.999850996	3.9810209199999997	0.000152588
2024-10-22 00:41:58.663690	0.000152588	0.000152588	1.790162416	-3.883517188	-3.595125868	-2.839510092	4.999850996	4.999850996	4.999850996	4.999850996	4.999850996	0.491028184	-3.7367275319999997	-3.997347836	2.474824772	4.214022796	4.999850996	4.999850996	0.000152588
2024-10-22 00:41:58.699139	0.000152588	0.000152588	3.606569968	-3.92227454	-0.6713872	4.999850996	4.999850996	4.999850996	4.999850996	4.999850996	3.838503728	-3.527987148	-3.921664188	4.999850996	4.999850996	4.098208504	4.999850996	4.999850996	0.000152588
2024-10-22 00:41:58.734938	0.000152588	0.000152588	3.83301056	2.3030106839999998	4.999850996	4.999850996	4.999850996	4.999850996	4.999850996	-4.264376836	-3.28140494	-3.387758776	4.999850996	4.475100864	4.999850996	3.889773296	4.723056364	1.031800056	0.000152588
2024-10-22 00:41:58.771501	0.000152588	0.000152588	3.4619165439999997	4.999850996	4.231875592	4.999850996	3.4472680959999997	2.3941057199999998	-3.901827748	-3.90701574	2.4867266359999998	4.999850996	4.999850996	4.171145568	4.999850996	3.007814656	-4.400790508	-4.093325688	0.000152588
2024-10-22 00:41:58.807664	0.000152588	0.000152588	2.543031608	4.999850996	2.656251904	4.999850996	-4.2189056119999995	-3.969881996	-4.082186764	4.999850996	4.999850996	4.999850996	4.999850996	4.999850996	-3.637850508	-2.891084836	-4.0626555	-0.526733776	0.000152588
2024-10-22 00:41:58.843782	0.000152588	0.000152588	1.3932810279999999	4.999850996	-4.345858828	-4.095004156	-3.645937672	1.430817676	4.999850996	4.999850996	4.999850996	4.999850996	4.999850996	-4.008944524	-1.84707774	-3.386385484	4.999850996	4.999850996	0.000152588
2024-10-22 00:41:58.879653	0.000152588	0.000152588	-0.205383448	-4.40750438	-4.008944524	-4.387362764	-1.09710772	4.999850996	4.999850996	4.999850996	4.999850996	0.8618170239999999	-2.981722108	-3.8803128399999998	2.48108088	3.2080101119999997	4.2114288	4.453128192	0.000152588
2024-10-22 00:41:58.915662	0.000152588	0.000152588	-2.041474852	-4.068148668	-0.391540808	4.999850996	4.999850996	4.999850996	4.999850996	4.999850996	3.575442016	-3.772127948	-4.141390908	-0.748901904	4.999850996	4.067690904	4.999850996	4.999850996	0.000152588
2024-10-22 00:41:58.951190	0.000152588	0.000152588	-3.2081627	1.445313536	4.999850996	4.767154296	4.999850996	4.999850996	4.999850996	4.667972096	-3.719027324	-3.714144508	4.999850996	4.848636288	4.999850996	4.1467314879999995	4.999850996	4.999850996	0.000152588
2024-10-22 00:41:58.986814	0.000152588	0.000152588	-3.463289836	4.999850996	4.999850996	4.999850996	4.666446216	4.999850996	-3.9161710199999997	-4.4076569679999995	-3.794710972	4.999850996	4.999850996	4.713595908	4.999850996	3.62854264	3.396303704	-3.978426924	0.000152588
2024-10-22 00:41:59.022936	0.000152588	0.000152588	-2.829286696	4.999850996	4.15649712	4.999850996	0.664673328	-4.10232838	-4.067538316	-0.447693192	4.999850996	4.999850996	4.999850996	4.826663616	4.999850996	-4.385531708	-3.482210748	-3.071443852	0.000152588
2024-10-22 00:41:59.058381	0.000152588	0.000152588	-2.100984172	4.999850996	4.999850996	4.999850996	-4.0553312759999995	-4.098361092	-3.6964443	4.999850996	4.999850996	4.999850996	4.999850996	4.999850996	-2.618562668	-2.502748376	-4.004061708	-0.333709956	0.000152588
2024-10-22 00:41:59.093989	0.000152588	0.000152588	-1.09634478	4.999850996	-4.67605926	-3.770907244	-3.6209132399999997	1.641999468	4.999850996	4.999850996	4.999850996	4.999850996	4.924625112	-3.883212012	-1.846467388	-3.4828211	4.999850996	4.837955128	0.000152588
2024-10-22 00:41:59.130195	0.000152588	0.000152588	0.411682424	-4.0626555	-3.7367275319999997	-1.423035688	4.999850996	4.999850996	4.999850996	4.999850996	4.999850996	-0.543671044	-3.051912588	-4.303897128	0.564728188	3.926699592	4.999850996	4.999850996	0.000152588
2024-10-22 00:41:59.166241	0.000152588	0.000152588	2.25906534	-3.828280332	2.4932879199999998	4.999850996	4.999850996	4.999850996	4.999850996	4.999850996	-2.240449604	-3.675997508	-3.531954436	4.999850996	4.999850996	3.732912832	4.999850996	4.999850996	0.000152588
2024-10-22 00:41:59.201800	0.000152588	0.000152588	3.691408896	2.630311944	4.999850996	4.999850996	4.999850996	4.999850996	4.999850996	-3.742831052	-3.737032708	-3.568575556	4.999850996	4.737552224	4.999850996	3.8212612839999998	4.999850996	4.7721897	0.000152588
2024-10-22 00:41:59.237016	0.000152588	0.000152588	3.821413872	4.999850996	4.999850996	4.999850996	4.545901696	4.999850996	-4.20608822	-3.7826565199999997	-3.716585916	4.999850996	4.999850996	4.08706958	4.999850996	4.049532932	-2.6924152599999998	-2.989656684	0.000152588
2024-10-22 00:41:59.273262	0.000152588	0.000152588	3.274691068	4.999850996	3.222811148	4.999850996	-0.719910184	-3.994296076	-4.05044846	1.645508992	4.999850996	4.999850996	4.999850996	4.672854912	4.999850996	-4.331820732	-2.168733244	-4.112704364	0.000152588
2024-10-22 00:41:59.309053	0.000152588	0.000152588	2.595827056	4.999850996	1.3793955199999999	-3.565828972	-3.9949064279999997	-3.951571436	-3.815157764	4.999850996	4.999850996	4.999850996	4.999850996	4.999850996	-4.195712236	-4.17251886	-3.39432006	4.999850996	0.000152588
2024-10-22 00:41:59.344611	0.000152588	0.000152588	1.30004976	4.999850996	-4.46853958	-3.6659267	-3.5383631319999997	2.306215032	4.999850996	4.999850996	4.999850996	4.834598192	4.869693432	-3.653872248	-4.299777252	-3.209993756	4.999850996	4.999850996	0.000152588
2024-10-22 00:41:59.379962	0.000152588	0.000152588	-0.092010564	-4.1764861479999995	-3.833926088	-4.297030668	1.908265528	4.999850996	4.999850996	4.999850996	4.999850996	0.47866855599999997	-4.25796814	-4.472812044	3.099672632	4.356234812	3.911745968	4.999850996	0.000152588
2024-10-22 00:41:59.415863	0.000152588	0.000152588	-1.959382508	-3.984683032	-1.9264235	4.999850996	4.999850996	4.999850996	4.999850996	4.999850996	4.411624256	-3.9656095319999998	-3.848421948	4.999850996	4.999850996	3.957674956	4.999850996	4.999850996	0.000152588
2024-10-22 00:41:59.451608	0.000152588	0.000152588	-3.155672428	2.024232408	4.999850996	4.999850996	4.999850996	4.999850996	4.999850996	-4.682773132	-4.01230146	-3.527987148	4.999850996	4.999850996	4.999850996	3.706667696	4.999850996	3.879397312	0.000152588
2024-10-22 00:41:59.487553	0.000152588	0.000152588	-3.19595566	4.999850996	3.679812208	4.999850996	4.036410364	4.999850996	-3.789370392	-3.995821956	-1.296845412	4.999850996	4.999850996	4.977115384	4.999850996	3.9913969039999997	-2.728731204	-3.17459334	0.000152588
2024-10-22 00:41:59.523462	0.000152588	0.000152588	-2.819978828	4.999850996	4.700320752	4.813541048	0.286407676	-4.036410364	-4.011385932	0.260772892	4.999850996	4.999850996	4.999850996	4.999850996	4.999850996	-4.24347228	-3.462069132	-2.851717132	0.000152588
2024-10-22 00:41:59.558732	0.000152588	0.000152588	-2.3161332519999998	4.999850996	4.1174345919999995	4.747623032	-3.912814084	-4.023592972	-3.974764812	4.999850996	4.999850996	4.999850996	4.999850996	4.999850996	-4.756015372	-3.486483212	-3.852694412	4.999850996	0.000152588
2024-10-22 00:41:59.594297	0.000152588	0.000152588	-1.278534852	4.999850996	-4.687655948	-3.3912683	-3.62930558	2.300569276	4.999850996	4.999850996	4.999850996	4.338687192	3.7548855039999998	-2.532503036	-0.855866092	-2.933046536	4.999850996	3.9810209199999997	0.000152588
2024-10-22 00:41:59.630605	0.000152588	0.000152588	0.474243504	-4.067538316	-3.757021736	-4.200595052	4.330294852	4.999850996	4.999850996	4.999850996	4.999850996	0.5679325359999999	-2.773897252	-4.596103148	2.602998692	4.111941424	4.067385728	4.999850996	0.000152588
2024-10-22 00:41:59.666002	0.000152588	0.000152588	1.9798293	-3.970492348	-0.177459844	4.999850996	4.999850996	4.999850996	4.999850996	4.999850996	3.83453644	-3.85589876	-4.068911608	1.822968836	4.999850996	4.118655296	4.999850996	4.999850996	0.000152588
2024-10-22 00:41:59.701815	0.000152588	0.000152588	3.496096256	1.852113144	4.999850996	4.999850996	4.999850996	4.999850996	4.999850996	-2.35138108	-4.11758718	-3.652498956	4.999850996	4.999850996	4.999850996	3.898928576	4.999850996	4.643558016	0.000152588
2024-10-22 00:41:59.737276	0.000152588	0.000152588	3.888247416	4.999850996	4.999850996	4.999850996	4.4238312959999995	4.999850996	-3.936922988	-3.9613370679999997	-3.755038092	4.999850996	4.999850996	4.999850996	4.999850996	3.8000515519999998	3.164064768	-2.72293286	0.000152588
2024-10-22 00:41:59.773096	0.000152588	0.000152588	3.254396864	4.999850996	4.531253248	4.999850996	0.82550108	-4.289706444	-4.072421132	-3.224337028	4.999850996	4.999850996	4.999850996	4.999850996	4.9078404319999995	2.330629112	-4.049227756	-4.3678315	0.000152588
2024-10-22 00:41:59.808238	0.000152588	0.000152588	2.812502016	4.999850996	2.371370108	4.999850996	-3.984530444	-4.093478276	-4.098055916	4.999850996	4.999850996	4.999850996	4.999850996	4.999850996	-3.06472998	-2.681428924	-2.193757676	0.724182648	0.000152588
2024-10-22 00:41:59.843912	0.000152588	0.000152588	1.4202891039999999	4.999850996	-1.37786964	-3.452913852	-3.743593992	-0.265045356	4.999850996	4.999850996	4.999850996	4.999850996	4.999850996	-2.5692767439999997	-2.346345676	-3.709261692	1.703034668	4.999850996	0.000152588
2024-10-22 00:41:59.880255	0.000152588	0.000152588	-0.13641367199999999	-4.20608822	-3.717196268	-4.238436876	3.8775662559999997	4.999850996	4.999850996	4.999850996	4.999850996	0.032806419999999996	-4.15726006	-4.45328078	3.403322752	3.9532499039999998	4.999850996	4.999850996	0.000152588
2024-10-22 00:41:59.916468	0.000152588	0.000152588	-1.849519148	-3.877108492	1.329346656	4.999850996	4.999850996	4.999850996	4.999850996	4.999850996	-0.9909064719999999	-3.674471628	-3.5499598199999998	4.999850996	4.999850996	3.853915116	4.999850996	4.999850996	0.000152588
2024-10-22 00:41:59.952161	0.000152588	0.000152588	-3.1446860919999997	2.1644607799999998	4.999850996	4.999850996	4.999850996	4.999850996	4.999850996	-4.26407166	-4.3864472359999995	-3.465120892	4.999850996	4.999850996	4.999850996	4.172671448	4.641269196	1.566468408	0.000152588
2024-10-22 00:41:59.988099	0.000152588	0.000152588	-3.399202876	4.999850996	4.999850996	4.999850996	4.999850996	4.754031728	-3.839266668	-4.077456536	-0.184936656	4.999850996	4.999850996	4.999850996	4.999850996	3.971255288	-3.11203226	-2.9251119599999997	0.000152588
2024-10-22 00:42:00.023864	0.000152588	0.000152588	-2.7610798599999997	4.999850996	3.962557772	4.999850996	-2.167207364	-3.958437896	-4.1236907	2.3030106839999998	4.999850996	4.999850996	4.999850996	4.999850996	4.892581632	-3.941195452	-2.656404492	-3.663485292	0.000152588
2024-10-22 00:42:00.059587	0.000152588	0.000152588	-2.314912548	4.999850996	1.177521596	-3.352205772	-3.741915524	-3.6784389159999997	-3.393709708	4.999850996	4.999850996	4.999850996	4.999850996	1.78375372	-2.458040092	-3.30581902	2.155915852	4.999850996	0.000152588
2024-10-22 00:42:00.095801	0.000152588	0.000152588	-0.925141044	4.7488437359999995	-4.033358604	-4.301913484	-2.850038664	4.999850996	4.999850996	4.999850996	4.999850996	4.999850996	-0.228424236	-4.192050124	-4.292758204	-3.391878652	4.999850996	4.999850996	0.000152588
2024-10-22 00:42:00.131480	0.000152588	0.000152588	0.391998572	-4.21219174	-3.53851572	-1.220856588	4.999850996	4.999850996	4.999850996	4.999850996	4.999850996	-3.1166099	-3.723299788	-4.377597132	4.999850996	3.9810209199999997	4.999850996	4.999850996	0.000152588
2024-10-22 00:42:00.166669	0.000152588	0.000152588	2.273713788	-3.919833132	1.221924704	4.999850996	4.999850996	4.999850996	4.999850996	4.999850996	1.672669656	-3.748476808	-3.681795852	4.999850996	4.999850996	4.05731492	4.999850996	4.999850996	0.000152588
2024-10-22 00:42:00.202231	0.000152588	0.000152588	3.474733936	1.880036748	4.999850996	4.999850996	4.999850996	4.999850996	4.999850996	-4.55780356	-4.32510686	-3.6354091	4.999850996	4.999850996	4.999850996	3.9532499039999998	4.999850996	4.859622624	0.000152588
2024-10-22 00:42:00.237547	0.000152588	0.000152588	3.828738096	4.999850996	4.8468052319999995	4.999850996	4.999850996	4.999850996	-3.916781372	-4.11758718	-3.814242236	4.999850996	4.999850996	4.999850996	4.999850996	3.536684664	3.863833336	-3.780672876	0.000152588
2024-10-22 00:42:00.273277	0.000152588	0.000152588	3.33862544	4.999850996	4.827273968	4.999850996	0.772705632	-4.14200126	-4.039614712	-1.450959292	4.999850996	4.999850996	4.999850996	4.999850996	4.999850996	-1.775819144	-4.25796814	-0.127105804	0.000152588
2024-10-22 00:42:00.308652	0.000152588	0.000152588	2.583772604	4.999850996	2.940065584	4.999850996	-4.0397673	-4.092562748	-4.095156744	4.999850996	4.999850996	4.999850996	4.999850996	4.999850996	-3.365938692	-3.433077412	-3.645479908	1.875153932	0.000152588
2024-10-22 00:42:00.344357	0.000152588	0.000152588	1.495667576	4.999850996	-4.631503564	-3.5282923239999997	-3.6549403639999998	1.2174996519999999	4.999850996	4.999850996	4.999850996	4.993289712	4.999850996	-3.764803724	-1.655274624	-3.47671758	4.999850996	4.999850996	0.000152588
2024-10-22 00:42:00.380213	0.000152588	0.000152588	-0.276336868	-4.377597132	-3.481905572	-4.3849213559999995	-1.407929476	4.999850996	4.999850996	4.999850996	4.999850996	1.41754252	-3.994448664	-3.535311372	1.3502512119999999	4.388736056	3.317415708	4.775394048	0.000152588
2024-10-22 00:42:00.416215	0.000152588	0.000152588	-1.608124932	-4.08859546	-2.961580492	4.999850996	4.999850996	4.999850996	4.999850996	4.999850996	4.3748505479999995	-4.162753228	-3.8899258839999997	-3.847811596	4.999850996	4.107974136	4.999850996	4.999850996	0.000152588
2024-10-22 00:42:00.451627	0.000152588	0.000152588	-3.1825279159999997	1.738282496	4.999850996	4.999850996	4.999850996	4.999850996	4.999850996	4.757236076	-3.701327116	-3.731844716	1.593323896	4.999850996	4.999850996	3.9459256799999998	4.999850996	4.999850996	0.000152588
2024-10-22 00:42:00.486991	0.000152588	0.000152588	-3.323519228	4.999850996	4.43420728	4.999850996	4.898685152	4.999850996	4.0649443199999995	-3.772433124	-3.840792548	1.28631684	4.999850996	4.999850996	4.999850996	3.816683644	4.819644568	-4.389804172	0.000152588
2024-10-22 00:42:00.522769	0.000152588	0.000152588	-3.1242392999999997	4.999850996	4.999850996	4.999850996	1.192627808	-3.807528364	-3.969881996	-3.5646082679999997	4.915164656	4.999850996	4.999850996	4.999850996	4.999850996	2.862856056	-3.755801032	-3.0825827759999997	0.000152588
2024-10-22 00:42:00.558507	0.000152588	0.000152588	-2.3365800439999997	4.999850996	2.023011704	4.999850996	-4.3385346039999995	-4.2436248679999995	-4.101718028	4.999850996	4.999850996	4.999850996	4.999850996	4.999850996	-3.5121179959999997	-2.915804092	-4.297030668	1.163330912	0.000152588
2024-10-22 00:42:00.594255	0.000152588	0.000152588	-1.031037116	4.999850996	-3.401644284	-3.701327116	-3.727267076	-1.0482795599999999	4.999850996	4.999850996	4.999850996	4.999850996	4.999850996	-1.665192844	-3.833163148	-3.463595012	1.092377492	4.999850996	0.000152588
2024-10-22 00:42:00.629857	0.000152588	0.000152588	0.537720112	1.9645705	-3.374178444	-4.397128396	-2.728731204	4.999850996	4.999850996	4.999850996	4.999850996	4.111331072	-4.767001708	-2.77481278	-2.798311332	4.603885136	4.999850996	4.999850996	0.000152588
2024-10-22 00:42:00.665496	0.000152588	0.000152588	2.0864883119999997	-3.455507848	-3.532259612	0.429382632	4.999850996	4.999850996	4.999850996	4.999850996	4.999850996	-4.47922074	-3.3692956279999997	-4.14352714	4.999850996	3.585207648	4.999850996	4.999850996	0.000152588
2024-10-22 00:42:00.701182	0.000152588	0.000152588	3.164064768	-0.123443692	4.999850996	4.999850996	4.999850996	4.999850996	4.999850996	4.999850996	-3.808749068	-4.010470404	0.520935432	4.999850996	4.8780857719999995	3.963931064	4.999850996	4.999850996	0.000152588
2024-10-22 00:42:00.736884	0.000152588	0.000152588	3.79028592	4.999850996	4.999850996	4.999850996	4.999850996	4.999850996	4.999850996	-4.131625276	-4.0174894519999995	-2.2767655479999998	4.999850996	4.999850996	4.999850996	4.04129318	4.999850996	-1.9868483479999999	0.000152588
2024-10-22 00:42:00.772334	0.000152588	0.000152588	3.462526896	4.999850996	4.106448256	4.999850996	4.817660924	4.427798584	-3.945467916	-4.000552184	1.490479584	4.999850996	4.999850996	4.999850996	4.999850996	3.613436428	-4.185336252	-3.902895864	0.000152588
2024-10-22 00:42:00.807928	0.000152588	0.000152588	2.784731	4.999850996	4.301760896	4.999850996	-4.649966712	-3.762362316	-4.072421132	1.925050208	4.999850996	4.999850996	4.999850996	4.999850996	4.93545886	-3.836214908	-2.419740504	-3.677523388	0.000152588
2024-10-22 00:42:00.843283	0.000152588	0.000152588	1.631623484	4.999850996	0.16494762799999999	-3.582461064	-4.05044846	-3.8868741239999998	-3.3415246119999997	4.999850996	4.999850996	4.999850996	4.999850996	4.999850996	-3.9118985559999997	-4.17251886	-2.466737608	4.999850996	0.000152588
2024-10-22 00:42:00.878785	0.000152588	0.000152588	-0.162048456	4.999850996	-4.351962348	-3.9100675	-3.492586732	3.10211404	4.999850996	4.999850996	4.999850996	3.813479296	4.17785944	-3.97720622	-4.3067963	-3.013460412	4.801028832	4.363864212	0.000152588
2024-10-22 00:42:00.914302	0.000152588	0.000152588	-1.843110452	-4.048007052	-3.70254782	-4.244845572	4.999850996	4.999850996	4.999850996	4.999850996	4.999850996	0.002441408	-3.3619714039999997	-4.35562446	2.755128928	4.104006848	4.999850996	4.999850996	0.000152588
2024-10-22 00:42:00.950921	0.000152588	0.000152588	-3.07388526	-1.77993902	4.999850996	4.999850996	4.999850996	4.999850996	4.999850996	4.999850996	-4.329379324	-3.921053836	-0.506744748	4.999850996	4.583133168	3.755495856	4.999850996	4.9633824639999995	0.000152588
2024-10-22 00:42:00.986691	0.000152588	0.000152588	-3.36990598	4.999850996	4.999850996	4.999850996	4.999850996	4.999850996	4.999850996	-4.1224699959999995	-4.152987596	-3.191988372	4.999850996	4.999850996	4.999850996	4.0518217519999995	4.999850996	-0.57830852	0.000152588
2024-10-22 00:42:01.022398	0.000152588	0.000152588	-2.9127523319999997	4.999850996	4.405520736	4.999850996	4.909976664	4.415286368	-3.8185146999999997	-3.99551678	1.556702776	4.999850996	4.999850996	4.999850996	4.999850996	3.63769792	-4.4026215639999995	-3.554842636	0.000152588
2024-10-22 00:42:01.058330	0.000152588	0.000152588	-2.372590812	4.999850996	2.915651504	4.999850996	-4.71268038	-4.228671244	-4.13742362	3.580630008	4.999850996	4.999850996	4.999850996	4.999850996	4.198001056	-3.450472444	-2.779848184	-3.4523034999999997	0.000152588
2024-10-22 00:42:01.093758	0.000152588	0.000152588	-1.18484582	4.999850996	0.25314349199999997	-3.518221516	-3.87039462	-3.750155276	-3.460238076	4.999850996	4.999850996	4.999850996	4.999850996	4.999850996	-1.270447688	-2.64435004	0.6765751919999999	4.999850996	0.000152588
2024-10-22 00:42:01.129234	0.000152588	0.000152588	0.45715364799999997	4.999850996	-4.058993388	-4.238436876	-3.3454919	4.999850996	4.999850996	4.999850996	4.999850996	3.3071923119999997	2.379457272	-3.31192254	-4.0016203	-1.5983593	4.999850996	3.678286328	0.000152588
2024-10-22 00:42:01.165033	0.000152588	0.000152588	1.907655176	-3.8868741239999998	-3.5769678959999998	-0.92010564	4.999850996	4.999850996	4.999850996	4.999850996	4.999850996	-2.480775704	-3.699190884	-4.199374348	3.120882364	3.981631272	4.999850996	4.999850996	0.000152588
2024-10-22 00:42:01.200563	0.000152588	0.000152588	3.418123788	-3.838045964	2.903597052	4.999850996	4.999850996	4.999850996	4.999850996	4.999850996	-4.790195084	-3.892977644	-2.936250884	4.999850996	4.90723008	3.772890888	4.999850996	4.999850996	0.000152588
2024-10-22 00:42:01.236026	0.000152588	0.000152588	3.687136432	2.018128888	4.999850996	4.999850996	4.999850996	4.999850996	4.999850996	-4.238436876	-4.3324310839999995	-3.515780108	4.999850996	4.999850996	4.999850996	4.400943096	4.999850996	4.1603118199999995	0.000152588
2024-10-22 00:42:01.271525	0.000152588	0.000152588	3.11889872	4.999850996	4.488833784	4.999850996	4.2976410199999995	4.999850996	-3.976138104	-3.959200836	-3.248445932	4.999850996	4.999850996	4.713138144	4.999850996	3.561556508	1.502381448	-3.135225636	0.000152588
2024-10-22 00:42:01.307021	0.000152588	0.000152588	2.584535544	4.999850996	4.69360688	4.999850996	0.293579312	-4.171298156	-4.091952396	-0.538788228	4.999850996	4.999850996	4.999850996	4.999850996	4.999850996	-4.378207484	-3.224031852	-3.448641388	0.000152588
2024-10-22 00:42:01.342603	0.000152588	0.000152588	1.49078476	4.999850996	4.999850996	4.91485948	-4.10538014	-4.095614508	-4.179843084	4.999850996	4.999850996	4.999850996	4.999850996	4.999850996	-3.3851647799999998	-3.881533544	-4.157870412	0.319366684	0.000152588
2024-10-22 00:42:01.377911	0.000152588	0.000152588	-0.052185096	4.999850996	-0.37765529999999997	-3.697665004	-3.735506828	-1.84707774	3.448641388	4.999850996	4.999850996	4.999850996	4.999850996	-4.5191987959999995	-2.6881427959999997	-3.596346572	3.170473464	4.999850996	0.000152588
2024-10-22 00:42:01.413748	0.000152588	0.000152588	-1.653748744	-3.746493164	-4.161532524	-4.318087812	-2.44293388	4.999850996	4.999850996	4.999850996	4.999850996	2.3110978479999997	-4.322665452	-3.742831052	-3.1300376439999997	4.171145568	4.999850996	4.999850996	0.000152588
2024-10-22 00:42:01.449191	0.000152588	0.000152588	-3.06778174	-4.162753228	-3.538057956	0.242920096	4.999850996	4.999850996	4.999850996	4.999850996	4.999850996	-4.607089484	-3.4013391079999997	-4.11758718	4.999850996	4.312289468	4.999850996	4.999850996	0.000152588
2024-10-22 00:42:01.484309	0.000152588	0.000152588	-3.294222332	-3.713686744	4.999850996	4.999850996	4.999850996	4.999850996	4.999850996	4.999850996	-4.378207484	-3.985140796	-3.167421704	4.999850996	4.999850996	3.834994204	4.999850996	4.999850996	0.000152588
2024-10-22 00:42:01.520079	0.000152588	0.000152588	-2.910310924	4.168093808	4.999850996	4.999850996	4.999850996	4.999850996	4.999850996	-4.1603118199999995	-3.785555692	-3.327333928	4.999850996	4.999850996	4.498599416	3.941042864	4.999850996	-0.49545323599999996	0.000152588
2024-10-22 00:42:01.555727	0.000152588	0.000152588	-2.398225596	4.999850996	4.999850996	4.999850996	4.999850996	4.678958432	-3.8941983479999998	-4.043887176	-0.07568364799999999	4.999850996	4.999850996	4.999850996	4.999850996	3.781740992	-4.336093196	-3.632967692	0.000152588
2024-10-22 00:42:01.591560	0.000152588	0.000152588	-1.3298044199999999	4.999850996	4.194338944	4.999850996	-3.1868003799999998	-4.165194636	-4.133456332	1.990663048	4.999850996	4.999850996	4.999850996	4.999850996	4.999850996	-2.86941734	-3.4553552599999997	-3.600008684	0.000152588
2024-10-22 00:42:01.627061	0.000152588	0.000152588	0.120391932	4.999850996	0.407867724	-3.7556484439999998	-3.8185146999999997	-3.5939051639999997	-3.2730126	4.999850996	4.999850996	4.999850996	4.999850996	2.24151772	-4.048007052	-3.418123788	0.494690296	4.999850996	0.000152588
2024-10-22 00:42:01.663058	0.000152588	0.000152588	1.914369048	4.859622624	-3.674471628	-4.2123443279999995	-3.408358156	4.999850996	4.999850996	4.999850996	4.999850996	4.954379772	1.302033404	-3.687899372	-4.45328078	-2.249299708	4.999850996	3.443605984	0.000152588
2024-10-22 00:42:01.698319	0.000152588	0.000152588	3.480379692	-4.101718028	-3.756258796	-4.270785532	4.999850996	4.999850996	4.999850996	4.999850996	4.999850996	-0.06027226	-2.8834554359999998	-4.690097356	3.629915932	3.821413872	4.904788672	4.999850996	0.000152588
2024-10-22 00:42:01.733787	0.000152588	0.000152588	3.58886976	-3.8795498999999998	0.41503935999999997	4.999850996	4.999850996	4.999850996	4.999850996	4.999850996	3.8015774319999998	-4.11148366	-3.605196676	-3.421328136	4.999850996	3.731234364	4.999850996	4.999850996	0.000152588
2024-10-22 00:42:01.769075	0.000152588	0.000152588	3.325502872	1.625977728	4.999850996	4.999850996	4.999850996	4.999850996	4.999850996	3.893587996	-3.894503524	-3.737948236	4.311526528	4.999850996	4.999850996	4.12597952	4.999850996	4.999850996	0.000152588
2024-10-22 00:42:01.804243	0.000152588	0.000152588	2.9760763519999998	4.999850996	4.516909976	4.999850996	4.751285144	4.999850996	4.29992984	-3.7745693559999998	-4.010317816	-0.55847208	4.999850996	4.165042048	4.999850996	3.9711027	4.999850996	-4.527743724	0.000152588
2024-10-22 00:42:01.840107	0.000152588	0.000152588	1.7170727639999999	4.999850996	4.999850996	4.999850996	1.162873148	-3.701327116	-3.67203022	-3.79104886	4.182131904	4.999850996	4.999850996	4.999850996	4.999850996	3.670046576	-4.1911345959999995	-2.340547332	0.000152588
2024-10-22 00:42:01.875113	0.000152588	0.000152588	0.195770404	4.999850996	4.265902716	4.999850996	-4.479525916	-4.205630456	-4.133761508	2.886354608	4.999850996	4.999850996	4.999850996	4.999850996	4.686587832	-3.76053126	-4.394686988	-3.828280332	0.000152588
2024-10-22 00:42:01.910762	0.000152588	0.000152588	-1.551972548	4.999850996	0.442962964	-3.89786046	-3.750155276	-3.375399148	-1.0482795599999999	4.999850996	4.999850996	4.999850996	4.999850996	2.310792672	-3.892977644	-0.49896276	0.055847207999999995	4.999850996	0.000152588
2024-10-22 00:42:01.946254	0.000152588	0.000152588	-2.825471996	4.999850996	-4.06570726	-4.11148366	-3.42788942	4.999850996	4.999850996	4.999850996	4.999850996	3.836977848	3.4484888	-3.236086304	-0.35415674799999997	-3.210604108	4.999850996	3.971255288	0.000152588
2024-10-22 00:42:01.981620	0.000152588	0.000152588	-3.502352364	-4.155581592	-3.679049268	-4.3092377079999995	1.43966778	4.999850996	4.999850996	4.999850996	4.999850996	0.601501896	-4.043887176	-3.523409508	1.29547212	4.16260064	3.72467308	4.9012791479999995	0.000152588
2024-10-22 00:42:02.017188	0.000152588	0.000152588	-2.929842188	-3.786776396	1.413880408	4.999850996	4.999850996	4.999850996	4.999850996	4.999850996	1.7170727639999999	-3.974764812	-3.517000812	4.999850996	4.999850996	3.948367088	4.999850996	4.999850996	0.000152588
2024-10-22 00:42:02.053265	0.000152588	0.000152588	-2.473298892	2.898714236	4.999850996	4.999850996	4.999850996	4.999850996	4.999850996	-3.945773092	-3.286287756	-3.372347388	4.999850996	4.999850996	4.465335232	3.916018432	4.999850996	-0.118866052	0.000152588
2024-10-22 00:42:02.089233	0.000152588	0.000152588	-1.336976056	4.999850996	4.999850996	4.999850996	4.999850996	4.995120768	-3.628084876	-4.08859546	-0.500641228	4.999850996	4.999850996	4.628909568	4.999850996	3.707583224	-3.11050638	-2.424470732	0.000152588
2024-10-22 00:42:02.124871	0.000152588	0.000152588	0.003967288	4.999850996	4.61731288	4.999850996	-2.223359748	-4.01993086	-4.082186764	2.06298976	4.999850996	4.999850996	4.999850996	4.999850996	4.871219312	-3.6964443	-3.261873676	-3.945467916	0.000152588
2024-10-22 00:42:02.160898	0.000152588	0.000152588	1.888886852	4.999850996	0.136261084	-3.648226492	-3.974764812	-3.608095848	-3.105623564	4.999850996	4.999850996	4.999850996	4.999850996	4.999850996	-3.82461822	-3.252108044	-3.33633662	4.999850996	0.000152588
2024-10-22 00:42:02.196211	0.000152588	0.000152588	3.371584448	4.999850996	-4.089816164	-4.175723208	-3.404696044	4.999850996	4.999850996	4.999850996	4.999850996	3.915102904	2.96631072	-2.801973444	-1.73721438	-2.968904716	4.999850996	3.7231472	0.000152588
2024-10-22 00:42:02.231650	0.000152588	0.000152588	3.740542232	-3.872225676	-3.717501444	-4.438632332	4.999850996	4.999850996	4.999850996	4.999850996	4.999850996	0.57525676	-3.47976934	-4.27017518	2.98156952	3.9424161559999997	4.557650972	4.999850996	0.000152588
2024-10-22 00:42:02.267362	0.000152588	0.000152588	3.6622645879999998	-3.8490322999999997	-0.156707876	4.999850996	4.999850996	4.999850996	4.999850996	4.999850996	4.231112652	-3.877108492	-4.010165228	-4.055636452	4.999850996	3.708803928	4.999850996	4.999850996	0.000152588
2024-10-22 00:42:02.302666	0.000152588	0.000152588	2.893678832	1.441651424	4.999850996	4.999850996	4.999850996	4.999850996	4.999850996	-1.34124852	-4.035800012	-3.557894396	4.999850996	3.507387768	4.521640204	4.133303744	4.999850996	4.99954582	0.000152588
2024-10-22 00:42:02.338598	0.000152588	0.000152588	1.676789532	4.999850996	4.66614104	4.999850996	4.085085936	4.999850996	-4.018710156	-3.94211098	-3.37906126	4.999850996	4.999850996	4.999850996	4.999850996	3.837893376	-2.505037196	-4.360507276	0.000152588
2024-10-22 00:42:02.374458	0.000152588	0.000152588	0.393371864	4.999850996	4.849856992	4.999850996	0.513916384	-4.04129318	-4.10232838	0.154571644	4.999850996	4.999850996	4.999850996	4.999850996	4.999850996	-4.557345796	-3.852694412	-4.035800012	0.000152588
2024-10-22 00:42:02.410188	0.000152588	0.000152588	-1.583710852	4.999850996	1.408692416	-3.879702488	-4.01993086	-3.909151972	-3.82461822	4.999850996	4.999850996	4.999850996	4.999850996	4.999850996	-4.176180972	-3.2423424119999997	-3.076326668	4.999850996	0.000152588
2024-10-22 00:42:02.445734	0.000152588	0.000152588	-2.984773868	4.999850996	-4.220126316	-3.89786046	-3.569491084	2.2979752799999997	4.999850996	4.999850996	4.999850996	4.468997344	4.8175083359999995	-3.927157356	-2.493593096	-3.139803276	4.999850996	4.987796544	0.000152588
2024-10-22 00:42:02.481519	0.000152588	0.000152588	-3.352510948	-4.254306028	-3.535311372	-4.219668552	-0.07919317199999999	4.999850996	4.999850996	4.999850996	4.999850996	1.088562792	-4.1603118199999995	-4.034579308	-2.942049228	3.926394416	3.078615488	4.585727164	0.000152588
2024-10-22 00:42:02.516944	0.000152588	0.000152588	-3.047029772	-4.192050124	-3.229067256	4.999850996	4.999850996	4.999850996	4.999850996	4.999850996	4.999850996	-4.2189056119999995	-3.79410062	-4.015048044	4.999850996	4.30908512	4.99191642	4.999850996	0.000152588
2024-10-22 00:42:02.552382	0.000152588	0.000152588	-2.417146508	-0.381927764	4.999850996	4.999850996	4.999850996	4.999850996	4.999850996	4.708255328	-3.5676600279999997	-3.7834194599999997	1.407471712	4.999850996	4.999850996	2.989504096	4.999850996	4.999850996	0.000152588
2024-10-22 00:42:02.587975	0.000152588	0.000152588	-1.149140228	4.999850996	4.999850996	4.999850996	4.999850996	4.999850996	4.999850996	-3.747103516	-4.079135004	-2.407533464	4.999850996	4.999850996	4.999850996	3.7956265	4.999850996	-1.9052137679999999	0.000152588
2024-10-22 00:42:02.623082	0.000152588	0.000152588	0.100860668	4.999850996	4.999850996	4.999850996	4.970706688	4.717105432	-3.83072174	-4.055941628	1.35650732	4.999850996	4.999850996	4.5828279919999995	4.7721897	3.958743072	-4.132235628	-3.428194596	0.000152588
2024-10-22 00:42:02.658549	0.000152588	0.000152588	1.5901195479999999	4.999850996	4.999850996	4.999850996	-4.40750438	-4.3067963	-4.142306436	2.555238648	4.999850996	4.999850996	4.999850996	4.999850996	4.382632536	-3.766177016	-4.292147852	-3.867648036	0.000152588
2024-10-22 00:42:02.694244	0.000152588	0.000152588	3.333742624	4.999850996	0.586548272	-3.683321732	-3.9405851	-3.89786046	-3.538057956	4.999850996	4.999850996	4.999850996	4.999850996	4.999850996	-4.240878284	-2.881014028	-2.93960782	4.999850996	0.000152588
2024-10-22 00:42:02.729900	0.000152588	0.000152588	3.6773708	4.999850996	-4.067538316	-4.155429004	-3.463289836	3.032991676	4.999850996	4.999850996	4.999850996	3.977663984	3.775942648	-4.116366476	-1.43203838	-3.020784636	4.999850996	4.0437345879999995	0.000152588
2024-10-22 00:42:02.765180	0.000152588	0.000152588	3.413088384	-4.182589668	-3.877108492	-4.239047228	2.258454988	4.999850996	4.999850996	4.999850996	4.999850996	0.853119508	-3.7220790839999998	-4.016573924	2.891390012	3.445589628	3.609621728	4.407962144	0.000152588
2024-10-22 00:42:02.800590	0.000152588	0.000152588	2.753908224	-4.165194636	-3.33328486	4.999850996	4.999850996	4.999850996	4.999850996	4.999850996	4.197390704	-3.870547208	-3.84292878	-4.114230244	4.999850996	3.922427128	4.999850996	4.999850996	0.000152588
2024-10-22 00:42:02.836004	0.000152588	0.000152588	1.71508912	1.4917002879999999	4.999850996	4.999850996	4.999850996	4.999850996	4.999850996	4.54788534	-4.143221964	-3.731234364	3.985751148	4.981693024	4.999850996	3.932650524	4.999850996	4.999850996	0.000152588
2024-10-22 00:42:02.871512	0.000152588	0.000152588	0.364380144	4.999850996	4.999850996	4.999850996	4.999850996	4.999850996	4.999850996	-3.994448664	-4.039462124	-2.03781274	4.999850996	4.88434188	4.999850996	3.852541824	4.999850996	-4.394686988	0.000152588
2024-10-22 00:42:02.906902	0.000152588	0.000152588	-1.167450788	4.999850996	4.1931182399999996	4.999850996	4.1764861479999995	2.897035768	-3.759920908	-3.892367292	1.7549145879999999	4.999850996	4.999850996	4.999850996	4.999850996	3.554995224	-4.3763764279999995	-2.509920012	0.000152588
2024-10-22 00:42:02.942505	0.000152588	0.000152588	-2.818147772	4.999850996	2.419130152	4.999850996	-4.6766696119999995	-3.9991788919999998	-4.08706958	4.999850996	4.999850996	4.999850996	4.999850996	4.999850996	-2.7638264439999998	-3.346407428	-1.764069868	0.373535424	0.000152588
2024-10-22 00:42:02.978603	0.000152588	0.000152588	-3.556368516	4.999850996	-0.247497736	-3.681795852	-3.7220790839999998	-0.188751356	4.990848304	4.999850996	4.999850996	4.999850996	4.999850996	-2.053376716	-2.5129717719999998	-3.3430504919999997	3.901980336	4.999850996	0.000152588
2024-10-22 00:42:03.013893	0.000152588	0.000152588	-3.22647326	3.928835824	-3.63998674	-4.238436876	-3.390657948	4.999850996	4.999850996	4.999850996	4.999850996	4.781497568	-3.5237146839999998	-3.645174732	-3.759920908	4.999850996	4.999850996	4.999850996	0.000152588
2024-10-22 00:42:03.049641	0.000152588	0.000152588	-2.483064524	-3.9335660519999998	-3.606722556	-0.724487824	4.999850996	4.999850996	4.999850996	4.999850996	4.999850996	-3.362123992	-2.4415605879999998	-4.371493612	4.999850996	3.7918118	4.999850996	4.999850996	0.000152588
2024-10-22 00:42:03.084816	0.000152588	0.000152588	-1.583405676	-3.7776211159999997	2.473909244	4.999850996	4.999850996	4.999850996	4.999850996	4.999850996	-4.630588036	-3.994296076	-2.384492676	4.999850996	4.999850996	3.7344387119999998	4.999850996	4.999850996	0.000152588
2024-10-22 00:42:03.121286	0.000152588	0.000152588	-0.06515507599999999	4.999850996	4.882816	4.999850996	4.999850996	4.999850996	2.376100336	-3.554842636	-3.947909324	2.398073008	4.999850996	4.999850996	4.999850996	4.019778272	4.965823872	-4.687655948	0.000152588
2024-10-22 00:42:03.157303	0.000152588	0.000152588	1.629945016	4.999850996	4.999850996	4.999850996	1.823731776	-4.610751596	-4.058993388	-3.5792567159999997	4.999850996	4.999850996	4.999850996	4.999850996	4.999850996	3.323061464	-3.7062099319999997	-4.234469588	0.000152588
2024-10-22 00:42:03.192853	0.000152588	0.000152588	3.352663536	4.999850996	1.7031872559999999	4.999850996	-4.63180874	-4.116671652	-4.0779143	4.999850996	4.999850996	4.999850996	4.999850996	4.999850996	-2.908479868	-2.239686664	0.314178692	-0.501404168	0.000152588
2024-10-22 00:42:03.228710	0.000152588	0.000152588	3.645785084	4.999850996	-0.5876163879999999	-3.82461822	-3.681795852	1.300354936	4.999850996	4.999850996	4.999850996	4.999850996	4.999850996	-2.828828932	-3.3692956279999997	-3.488009092	4.32129216	4.999850996	0.000152588
2024-10-22 00:42:03.264056	0.000152588	0.000152588	3.568422968	4.04434494	-3.5603358039999997	-4.30984806	-2.791444872	4.999850996	4.999850996	4.999850996	4.999850996	4.3273956799999995	-3.828280332	-1.9949355119999999	-3.46603642	4.831851608	4.999850996	4.999850996	0.000152588
2024-10-22 00:42:03.299653	0.000152588	0.000152588	2.901918584	-4.10919484	-3.596346572	-0.9948737599999999	4.999850996	4.999850996	4.999850996	4.999850996	4.999850996	-4.775546636	-3.367464572	-4.065096908	4.999850996	3.6799647959999997	4.999850996	4.999850996	0.000152588
2024-10-22 00:42:03.334975	0.000152588	0.000152588	1.68457152	-3.755038092	4.976810208	4.999850996	4.999850996	4.999850996	4.999850996	4.999850996	-4.762118892	-4.341281188	-3.224031852	4.999850996	4.999850996	3.77579006	4.999850996	4.999850996	0.000152588
2024-10-22 00:42:03.370596	0.000152588	0.000152588	0.262756536	2.7160664	4.999850996	4.999850996	4.999850996	4.999850996	4.999850996	-4.736484108	-3.613436428	-3.498690252	4.999850996	4.3127472319999995	4.999850996	4.128573516	4.731448704	2.066957048	0.000152588
2024-10-22 00:42:03.406029	0.000152588	0.000152588	-1.439057428	4.999850996	4.999850996	4.999850996	3.902132924	4.999850996	-3.8972501079999997	-3.880923192	-1.0818489199999999	4.999850996	4.999850996	3.3844018399999998	4.999850996	4.08325488	-2.822420236	-3.863833336	0.000152588
2024-10-22 00:42:03.441838	0.000152588	0.000152588	-2.819673652	4.999850996	3.486940976	4.999850996	0.066833544	-4.024203324	-4.082186764	0.5361942319999999	4.999850996	4.999850996	4.999850996	4.999850996	4.999850996	-3.918612428	-2.9818746959999998	-4.46548782	0.000152588
2024-10-22 00:42:03.477319	0.000152588	0.000152588	-3.53164926	4.999850996	2.346956028	0.920715992	-3.743593992	-3.971255288	-3.92227454	4.999850996	4.999850996	4.999850996	4.999850996	4.708560504	-4.59060998	-2.902071172	-3.7892178039999997	4.999850996	0.000152588
2024-10-22 00:42:03.512833	0.000152588	0.000152588	-3.06778174	4.999850996	-4.680331724	-4.322970628	-3.62930558	2.164765956	4.999850996	4.999850996	4.999850996	4.999850996	4.865726144	-3.808749068	-4.560702732	-3.125154828	4.999850996	4.999850996	0.000152588
2024-10-22 00:42:03.548556	0.000152588	0.000152588	-2.623445484	-4.420321772	-3.657381772	-4.372103964	-0.145416364	4.999850996	4.999850996	4.999850996	4.999850996	0.759583064	-4.420321772	-2.23312538	-0.494232532	3.795168736	4.859622624	4.999850996	0.000152588
2024-10-22 00:42:03.583854	0.000152588	0.000152588	-1.587067788	-3.677523388	-3.203279884	4.999850996	4.999850996	4.999850996	4.999850996	4.999850996	4.999850996	-4.5338472439999995	-4.199374348	-4.20913998	4.999850996	3.5310389079999998	4.999850996	4.999850996	0.000152588
2024-10-22 00:42:03.619424	0.000152588	0.000152588	-0.37475612799999997	0.695496104	4.999850996	4.999850996	4.999850996	4.999850996	4.999850996	4.980624908	-3.921664188	-3.8432339559999997	1.419373576	4.999850996	4.999850996	3.9956693679999997	4.999850996	4.999850996	0.000152588
2024-10-22 00:42:03.654916	0.000152588	0.000152588	1.56326406	4.999850996	4.999850996	4.999850996	4.999850996	4.999850996	4.999850996	-4.0626555	-4.17557062	-3.104097684	4.999850996	4.938968384	4.999850996	3.947756736	4.999850996	-0.518951788	0.000152588
2024-10-22 00:42:03.690047	0.000152588	0.000152588	3.16925276	4.999850996	4.999850996	4.999850996	4.999850996	4.73633152	-3.67203022	-4.106600844	-0.29449484	4.999850996	4.999850996	4.130862336	4.999850996	4.062502912	-3.177034748	-3.828890684	0.000152588
2024-10-22 00:42:03.725336	0.000152588	0.000152588	3.929446176	4.999850996	4.415286368	4.999850996	-0.011138924	-3.955233548	-4.133761508	1.120911448	4.999850996	4.999850996	4.999850996	4.999850996	4.999850996	-4.5661959	-3.97720622	-4.056246804	0.000152588
2024-10-22 00:42:03.761008	0.000152588	0.000152588	3.61328384	4.999850996	1.517640248	-3.645174732	-3.926547004	-3.970492348	-3.805239544	4.999850996	4.999850996	4.999850996	4.999850996	4.999850996	-4.446566908	-2.06146388	-3.712618628	4.999850996	0.000152588
2024-10-22 00:42:03.796676	0.000152588	0.000152588	2.87933556	4.999850996	-4.168246396	-4.157870412	-3.486483212	3.68805196	4.999850996	4.999850996	4.999850996	3.941042864	3.396761468	-2.517244236	-2.64663886	-3.167574292	4.999850996	4.3798859519999995	0.000152588
2024-10-22 00:42:03.832287	0.000152588	0.000152588	1.901399068	-4.3067963	-3.822481988	-4.2582733159999995	0.8869940439999999	4.999850996	4.999850996	4.999850996	4.999850996	0.877228412	-4.0846281719999995	-2.858125828	1.20391932	3.977663984	3.899538928	4.999850996	0.000152588
2024-10-22 00:42:03.867505	0.000152588	0.000152588	0.465088224	-4.264376836	-3.292696452	4.999850996	4.999850996	4.999850996	4.999850996	4.999850996	4.999850996	-4.44870314	-4.008944524	-4.3385346039999995	4.999850996	3.227541376	4.999850996	4.999850996	0.000152588
2024-10-22 00:42:03.902584	0.000152588	0.000152588	-1.1970528599999999	-1.8855299159999999	4.999850996	4.999850996	4.999850996	4.999850996	4.999850996	4.999850996	-3.6799647959999997	-3.503573068	0.94451972	4.999850996	4.51202716	3.401644284	4.999850996	4.9743688	0.000152588
2024-10-22 00:42:03.938046	0.000152588	0.000152588	-2.8907796599999998	4.999850996	4.999850996	4.999850996	4.999850996	4.999850996	4.999850996	-4.133761508	-4.055636452	-3.386385484	4.999850996	4.999850996	4.586490104	4.147494428	4.789126968	-0.498504996	0.000152588
2024-10-22 00:42:03.973613	0.000152588	0.000152588	-3.4712244119999998	4.999850996	4.999850996	4.999850996	4.822391152	4.62189052	-3.880770604	-3.952181788	1.63726924	4.999850996	4.999850996	4.999850996	4.999850996	3.883974952	-4.223788428	-3.507540356	0.000152588
2024-10-22 00:42:04.008967	0.000152588	0.000152588	-2.921602436	4.999850996	2.829134108	4.999850996	-0.8993536719999999	-4.101870616	-4.065096908	1.0604866	4.999850996	4.999850996	4.999850996	4.999850996	4.999850996	-4.244692984	-2.255098052	-4.482577676	0.000152588
2024-10-22 00:42:04.044025	0.000152588	0.000152588	-2.6399249879999998	4.999850996	4.514621156	4.268191536	-3.950961084	-4.098055916	-4.121859644	4.999850996	4.999850996	4.999850996	4.999850996	4.999850996	-2.798616508	-2.751619404	-0.934448912	0.126953216	0.000152588
2024-10-22 00:42:04.079121	0.000152588	0.000152588	-1.8606580719999999	4.999850996	-0.28457662	-3.750765628	-3.7745693559999998	-0.31112693199999997	4.999850996	4.999850996	4.999850996	4.981082672	4.999850996	-4.700168164	-2.935335356	-3.482210748	4.999850996	4.999850996	0.000152588
2024-10-22 00:42:04.114683	0.000152588	0.000152588	-0.38787869599999997	1.932679608	-3.483126276	-4.336093196	-2.893221068	4.999850996	4.999850996	4.999850996	4.999850996	4.999850996	-3.600619036	-3.986971852	-4.028475788	-0.628357384	4.999850996	4.999850996	0.000152588
2024-10-22 00:42:04.149859	0.000152588	0.000152588	1.437989312	-4.131777864	-3.687899372	-0.873261124	4.999850996	4.999850996	4.999850996	4.999850996	4.999850996	-1.8666090039999998	-3.231356076	-4.28848574	2.03933862	3.80554472	4.999850996	4.999850996	0.000152588
2024-10-22 00:42:04.184934	0.000152588	0.000152588	3.074343024	-3.928988412	0.20904556	4.999850996	4.999850996	4.999850996	4.999850996	4.999850996	2.689516088	-3.649447196	-3.548739116	4.999850996	4.999850996	3.955691312	4.999850996	4.999850996	0.000152588
2024-10-22 00:42:04.221313	0.000152588	0.000152588	3.72467308	4.999850996	4.999850996	4.999850996	4.999850996	4.999850996	4.999850996	-4.248202508	-4.273837292	-3.188631436	4.999850996	4.0356474239999995	4.999850996	4.182894844	4.999850996	-2.5129717719999998	0.000152588
2024-10-22 00:42:04.257617	0.000152588	0.000152588	3.61175796	4.999850996	4.999850996	4.999850996	2.545320428	0.514068972	-3.792422152	-3.7826565199999997	3.314821712	4.999850996	4.999850996	4.999850996	4.999850996	3.670199164	-3.80173002	-3.063814452	0.000152588
2024-10-22 00:42:04.293265	0.000152588	0.000152588	3.032533912	4.999850996	2.120668024	4.999850996	-4.576571884	-4.033358604	-4.153140184	4.492801072	4.999850996	4.999850996	4.999850996	3.8223294	-2.6808185719999997	-2.384340088	-1.71432618	-0.7487493159999999	0.000152588
2024-10-22 00:42:04.329128	0.000152588	0.000152588	2.23312538	4.999850996	0.114593588	-3.6964443	-3.77579006	-1.73263674	4.665835864	4.999850996	4.999850996	4.999850996	4.999850996	-4.524691964	-3.557436632	-3.532259612	4.999850996	4.999850996	0.000152588
2024-10-22 00:42:04.364885	0.000152588	0.000152588	0.6185917519999999	1.1744698359999999	-3.291170572	-4.274142468	-2.824861644	4.999850996	4.999850996	4.999850996	4.999850996	3.8490322999999997	-4.4364961	-2.148591628	-3.616488188	4.133914096	4.999850996	4.999850996	0.000152588
2024-10-22 00:42:04.401012	0.000152588	0.000152588	-1.118927804	-4.04434494	-3.278048004	4.999850996	4.999850996	4.999850996	4.999850996	4.999850996	4.869693432	-4.240878284	-2.8718587479999997	-3.836520084	4.999850996	4.148562544	4.999850996	4.999850996	0.000152588
2024-10-22 00:42:04.436774	0.000152588	0.000152588	-2.849428312	1.666566136	4.999850996	4.999850996	4.999850996	4.999850996	4.999850996	4.259036256	-3.6549403639999998	-3.7483242199999998	4.999850996	4.999850996	4.999850996	3.880007664	4.999850996	4.999850996	0.000152588
2024-10-22 00:42:04.472659	0.000152588	0.000152588	-3.540499364	4.999850996	4.999850996	4.999850996	4.999850996	4.999850996	-1.018219724	-4.088290284	-3.639376388	4.999850996	4.999850996	3.7988308479999997	4.999850996	3.5668970879999997	4.309695472	-3.839571844	0.000152588
2024-10-22 00:42:04.508459	0.000152588	0.000152588	-3.098909692	4.999850996	4.999850996	4.999850996	0.791473956	-4.419101068	-4.162753228	-3.535311372	4.999850996	4.999850996	4.999850996	4.561923436	4.991458656	2.901155644	-3.596956924	-1.067047884	0.000152588
2024-10-22 00:42:04.543790	0.000152588	0.000152588	-2.62222478	4.999850996	2.21100012	4.999850996	-4.394686988	-4.1517668919999995	-4.052889868	4.999850996	4.999850996	4.999850996	4.999850996	4.999850996	-1.990205284	-2.578279436	-4.0168791	-0.27008076	0.000152588
2024-10-22 00:42:04.579601	0.000152588	0.000152588	-1.331025124	4.999850996	-4.414523428	-3.9308194679999997	-3.62472794	1.42212016	4.999850996	4.999850996	4.999850996	4.999850996	4.999850996	-4.298251372	-3.0046103079999997	-3.4376550519999998	4.999850996	4.999850996	0.000152588
2024-10-22 00:42:04.615417	0.000152588	0.000152588	-0.240631276	-4.719394252	-3.6367823919999998	-4.37393502	-2.066194108	4.999850996	4.999850996	4.999850996	4.999850996	1.725159928	-4.201815756	-2.3030106839999998	-1.1978157999999999	4.332278496	4.663699632	4.999850996	0.000152588
2024-10-22 00:42:04.651343	0.000152588	0.000152588	1.447754944	-4.132235628	-3.266756492	4.999850996	4.999850996	4.999850996	4.999850996	4.999850996	4.999850996	-4.275668348	-1.789704652	-4.223788428	4.999850996	3.61328384	4.978793852	4.999850996	0.000152588
2024-10-22 00:42:04.686646	0.000152588	0.000152588	3.048097888	0.46737704399999996	4.999850996	4.999850996	4.999850996	4.999850996	4.999850996	4.981693024	-4.006503116	-3.8505581799999997	1.31759738	4.999850996	4.999850996	3.879397312	4.999850996	4.999850996	0.000152588
2024-10-22 00:42:04.721970	0.000152588	0.000152588	3.65753436	4.999850996	4.999850996	4.999850996	4.999850996	4.999850996	4.999850996	-4.008944524	-4.073641836	-2.169648772	4.999850996	4.3682892639999995	4.999850996	3.905184684	4.999850996	-2.461702204	0.000152588
2024-10-22 00:42:04.757490	0.000152588	0.000152588	3.63769792	4.999850996	4.60510584	4.999850996	3.774416768	2.087556428	-3.5318018479999997	-3.877108492	2.226869272	4.999850996	4.999850996	4.1860991919999995	4.999850996	3.694002892	-4.165194636	-4.316561932	0.000152588
2024-10-22 00:42:04.793225	0.000152588	0.000152588	2.937624176	4.999850996	3.05252294	4.999850996	-4.631503564	-3.9875822039999997	-4.129336456	4.60281702	4.999850996	4.999850996	4.999850996	4.893802336	4.696048288	-3.465120892	-2.181092872	-3.410799564	0.000152588
2024-10-22 00:42:04.828869	0.000152588	0.000152588	2.003175264	4.999850996	0.455780356	-3.7776211159999997	-3.8154629399999997	-3.53164926	-2.920076556	4.999850996	4.999850996	4.999850996	4.971927392	2.568666392	-4.284823628	-2.045136964	-1.280671084	4.999850996	0.000152588
2024-10-22 00:42:04.864078	0.000152588	0.000152588	0.73852592	4.999850996	-3.945467916	-3.952334376	-3.496248844	3.067629152	4.999850996	4.999850996	4.999850996	4.152835008	3.6718776319999997	-3.716585916	-3.355867884	-2.822420236	4.999850996	3.55606334	0.000152588
2024-10-22 00:42:04.899828	0.000152588	0.000152588	-1.051483908	-4.196017412	-3.77579006	-4.397433572	4.999850996	4.999850996	4.999850996	4.999850996	4.999850996	-0.187225476	-3.9540128439999997	-4.213107268	1.160736916	3.844302072	4.999850996	4.999850996	0.000152588
2024-10-22 00:42:04.935389	0.000152588	0.000152588	-2.498475912	-3.916781372	1.12609944	4.999850996	4.999850996	4.999850996	4.999850996	4.999850996	-0.805969816	-3.512423172	-3.413240972	4.999850996	4.999850996	3.704226288	4.999850996	4.999850996	0.000152588
2024-10-22 00:42:04.970888	0.000152588	0.000152588	-3.445284452	1.813050616	4.999850996	4.999850996	4.999850996	4.999850996	4.999850996	-0.39718656399999996	-4.087374756	-3.59878798	4.999850996	4.990848304	4.999850996	3.740237056	4.999850996	4.999850996	0.000152588
2024-10-22 00:42:05.006234	0.000152588	0.000152588	-3.087313004	4.999850996	4.999850996	4.999850996	4.999850996	4.999850996	3.945620504	-3.883212012	-3.984530444	-0.263519476	4.999850996	4.444583264	4.999850996	3.750002688	4.999850996	-4.643710604	0.000152588
2024-10-22 00:42:05.041441	0.000152588	0.000152588	-2.511140716	4.999850996	4.999850996	4.999850996	3.7564113839999997	2.03399804	-3.6354091	-3.909457148	1.9146742239999999	4.999850996	4.999850996	4.517825504	4.999850996	3.489382384	-4.4303925799999995	-2.815401188	0.000152588
2024-10-22 00:42:05.076635	0.000152588	0.000152588	-1.6462719319999999	4.999850996	2.226564096	4.999850996	-4.635165676	-4.194796708	-3.9656095319999998	4.999850996	4.999850996	4.999850996	4.999850996	4.20837704	-2.3439042679999997	-2.677461636	-2.297822692	-0.323944324	0.000152588
2024-10-22 00:42:05.112731	0.000152588	0.000152588	-0.317535628	4.999850996	-0.108490068	-3.958285308	-3.779452172	-2.187959332	4.999850996	4.999850996	4.999850996	4.999850996	4.999850996	-3.613436428	-2.0988479399999997	-3.19595566	4.909671488	4.999850996	0.000152588
2024-10-22 00:42:05.148773	0.000152588	0.000152588	1.145783292	-0.35934474	-3.4376550519999998	-4.172824036	-2.7198811	4.999850996	4.999850996	4.999850996	4.999850996	2.9687521279999998	-4.555819916	-3.28140494	-2.76642044	4.217074556	4.999850996	4.999850996	0.000152588
2024-10-22 00:42:05.184235	0.000152588	0.000152588	2.799074272	-4.07486254	-3.56216686	-0.15563976	4.999850996	4.999850996	4.999850996	4.999850996	4.999850996	-4.46853958	-2.886049432	-3.44009646	4.999850996	1.979981888	4.733890112	4.999850996	0.000152588
2024-10-22 00:42:05.220061	0.000152588	0.000152588	3.815005176	-0.45059236399999997	4.999850996	4.999850996	4.999850996	4.999850996	4.999850996	4.999850996	-4.0946989799999995	-4.0168791	1.070862584	4.999850996	4.497683888	3.946536032	4.999850996	4.986881016	0.000152588
2024-10-22 00:42:05.255573	0.000152588	0.000152588	3.678591504	4.999850996	4.999850996	4.999850996	4.999850996	4.999850996	4.999850996	-4.133761508	-4.224093604	-3.164217356	4.999850996	4.463504176	4.999850996	3.906863152	4.999850996	-0.625305624	0.000152588
2024-10-22 00:42:05.291872	0.000152588	0.000152588	2.91137904	4.999850996	4.999850996	4.999850996	0.817413916	-4.475253452	-4.116366476	-3.4442163359999998	4.999850996	4.999850996	4.999850996	4.586947868	4.929813104	3.258364152	-3.869936856	-0.118103112	0.000152588
2024-10-22 00:42:05.327506	0.000152588	0.000152588	2.210084592	4.999850996	4.459231712	4.999850996	-4.20913998	-4.101718028	-4.2042571639999995	4.999850996	4.999850996	4.999850996	4.999850996	3.2852196399999998	-3.252108044	-2.854768892	-3.93142982	-0.118866052	0.000152588
2024-10-22 00:42:05.363489	0.000152588	0.000152588	0.677795896	4.999850996	-4.445956556	-3.870089444	-3.650362724	1.363831544	4.999850996	4.999850996	4.999850996	4.999850996	4.999850996	-3.9161710199999997	-4.01077558	-3.184969324	4.999850996	4.999850996	0.000152588
2024-10-22 00:42:05.399091	0.000152588	0.000152588	-0.9095770679999999	-3.714144508	-3.62320206	-4.336093196	-2.522432228	4.999850996	4.999850996	4.999850996	4.999850996	2.584535544	-4.250643916	-3.3137535959999997	-2.696077372	3.6877467839999998	4.999850996	4.999850996	0.000152588
2024-10-22 00:42:05.434786	0.000152588	0.000152588	-2.518007176	-3.642733324	-3.370516332	3.21655504	4.999850996	4.999850996	4.999850996	4.999850996	4.999850996	-4.687961124	-4.6241793399999995	-4.1923553	4.999850996	3.7432888159999997	4.999850996	4.999850996	0.000152588
2024-10-22 00:42:05.469778	0.000152588	0.000152588	-3.3912683	-2.5749225	4.999850996	4.999850996	4.999850996	4.999850996	4.999850996	4.999850996	-4.065096908	-3.595125868	0.045471224	4.999850996	4.3566925759999995	3.75976832	4.999850996	4.999850996	0.000152588
2024-10-22 00:42:05.505343	0.000152588	0.000152588	-3.149568908	4.999850996	4.999850996	4.999850996	4.999850996	4.999850996	4.999850996	-3.829501036	-4.116366476	-3.215486924	4.999850996	4.775394048	4.999850996	4.243930044	4.999850996	-0.603943304	0.000152588
2024-10-22 00:42:05.541182	0.000152588	0.000152588	-2.595674468	4.999850996	4.999850996	4.999850996	4.543765464	4.558871676	-3.885958596	-4.112704364	1.264496756	4.999850996	4.999850996	4.999850996	4.999850996	4.097903328	-3.9234952439999997	-2.555849	0.000152588
2024-10-22 00:42:05.576747	0.000152588	0.000152588	-1.8351758759999999	4.999850996	4.462893824	4.999850996	-2.236482316	-4.270480356	-4.106600844	2.1447769279999997	4.999850996	4.999850996	4.999850996	4.999850996	4.999850996	-3.852694412	-2.567598276	-3.46603642	0.000152588
2024-10-22 00:42:05.612245	0.000152588	0.000152588	-0.51193274	4.999850996	0.8804327599999999	-3.851015944	-3.84292878	-3.798983436	-3.575594604	4.999850996	4.999850996	4.999850996	4.98047232	4.841312064	-3.967440588	-3.58810682	-3.005831012	4.999850996	0.000152588
2024-10-22 00:42:05.647682	0.000152588	0.000152588	1.238404208	4.999850996	-4.150546188	-3.863985924	-3.420870372	3.9381436919999997	4.999850996	4.999850996	4.999850996	3.9111356159999997	2.9718038879999997	-3.352205772	-3.434298116	-0.801697352	4.999850996	4.905399024	0.000152588
2024-10-22 00:42:05.683852	0.000152588	0.000152588	2.940675936	-3.637850508	-3.5939051639999997	-0.740967328	4.999850996	4.999850996	4.999850996	4.999850996	4.999850996	-1.389924092	-3.619845124	-4.493564012	4.999850996	4.122317408	4.999850996	4.999850996	0.000152588
2024-10-22 00:42:05.719240	0.000152588	0.000152588	3.949282616	-3.901827748	-0.085144104	4.999850996	4.999850996	4.999850996	4.999850996	4.999850996	3.645937672	-3.619539948	-3.8432339559999997	-1.8840040359999999	4.999850996	3.8899258839999997	4.999850996	4.999850996	0.000152588
2024-10-22 00:42:05.754417	0.000152588	0.000152588	3.7231472	1.508942732	4.999850996	4.999850996	4.999850996	4.999850996	4.999850996	4.147494428	-3.572237668	-3.73611718	4.459994652	4.999850996	4.863284736	4.210360684	4.999850996	4.999850996	0.000152588
2024-10-22 00:42:05.789988	0.000152588	0.000152588	3.188478848	4.999850996	4.999850996	4.999850996	4.5813021119999995	4.999850996	-0.781708324	-3.881991308	-3.945467916	2.639467224	4.999850996	4.8013340079999995	4.999850996	3.94211098	4.99954582	-4.40445262	0.000152588
2024-10-22 00:42:05.825455	0.000152588	0.000152588	2.127992248	4.999850996	4.999850996	4.999850996	0.991364236	-4.299472076	-3.6557033039999998	-3.261873676	4.999850996	4.999850996	4.999850996	4.54407064	4.999850996	-0.264892768	-3.7892178039999997	-0.443725904	0.000152588
2024-10-22 00:42:05.861200	0.000152588	0.000152588	0.658569808	4.999850996	3.389437244	4.999850996	-4.170687804	-4.140780556	-4.073641836	4.999850996	4.999850996	4.999850996	4.999850996	4.914554304	-3.238069948	-2.649080268	-4.207308924	1.115876044	0.000152588
2024-10-22 00:42:05.897035	0.000152588	0.000152588	-1.03836134	4.999850996	-3.323519228	-3.6360194519999998	-3.737032708	1.236878328	4.999850996	4.999850996	4.999850996	4.607699836	4.999850996	-4.121554468	-3.932040172	-3.426210952	4.999850996	4.999850996	0.000152588
2024-10-22 00:42:05.932850	0.000152588	0.000152588	-2.55508606	-4.44870314	-3.72238426	-4.351962348	-2.144471752	4.999850996	4.999850996	4.999850996	4.999850996	1.41677958	-4.23507994	-4.6156344119999995	-1.615449156	3.488772032	4.999850996	4.946292608	0.000152588
2024-10-22 00:42:05.968563	0.000152588	0.000152588	-3.450472444	-3.7135341559999997	-3.264315084	3.5260035039999997	4.999850996	4.999850996	4.999850996	4.999850996	4.999850996	-4.485629436	-2.285310476	-3.68805196	4.999850996	3.681795852	4.999850996	4.999850996	0.000152588
2024-10-22 00:42:06.003672	0.000152588	0.000152588	-3.121797892	-1.3539133239999999	4.999850996	4.999850996	4.999850996	4.999850996	4.999850996	4.999850996	-4.1371184439999995	-3.5865809399999997	0.862579964	4.999850996	4.561770848	3.289186928	4.999850996	4.999850996	0.000152588
2024-10-22 00:42:06.039280	0.000152588	0.000152588	-2.427522492	4.999850996	4.999850996	4.999850996	4.999850996	4.999850996	4.999850996	-4.12674246	-4.239810168	-3.387606188	4.999850996	4.118197532	4.999850996	4.008944524	4.999850996	0.814972508	0.000152588
2024-10-22 00:42:06.074274	0.000152588	0.000152588	-1.899568012	4.999850996	4.6691928	4.999850996	4.472659456	4.999850996	-4.004061708	-4.23965758	-2.9826376359999998	4.999850996	4.999850996	4.999850996	4.999850996	4.156649708	-1.96380756	-3.704378876	0.000152588
2024-10-22 00:42:06.109869	0.000152588	0.000152588	-0.485840192	4.999850996	4.999850996	4.999850996	-0.089569156	-3.883517188	-3.980868332	0.738678508	4.999850996	4.999850996	4.999850996	4.932864864	4.902957616	-4.06875902	-1.6178905639999999	-2.950899332	0.000152588
2024-10-22 00:42:06.145279	0.000152588	0.000152588	1.0223396	4.999850996	2.062074232	1.08642656	-3.7760952359999997	-4.065402084	-3.907626092	4.999850996	4.999850996	4.999850996	4.999850996	4.999850996	-3.766329604	-3.137667044	-2.78396806	4.999850996	0.000152588
2024-10-22 00:42:06.181175	0.000152588	0.000152588	2.692262672	4.999850996	-4.7438083319999995	-2.960359788	-3.567049676	1.8501295	4.999850996	4.999850996	4.999850996	4.999850996	4.999850996	-3.521883628	-4.400790508	-3.312075128	4.999850996	4.999850996	0.000152588
2024-10-22 00:42:06.216489	0.000152588	0.000152588	3.93371864	-4.641574372	-4.156954884	-3.900607044	-2.219697636	4.999850996	4.999850996	4.999850996	4.999850996	1.221314352	-4.426425292	-2.2096268279999998	0.5264286	4.481967324	3.4179711999999998	4.73633152	0.000152588
2024-10-22 00:42:06.252390	0.000152588	0.000152588	3.408510744	-4.06875902	-3.1898521399999997	4.999850996	4.999850996	4.999850996	4.999850996	4.999850996	4.999850996	-4.152987596	-3.27606436	-4.262850956	4.999850996	4.1568022959999995	4.999850996	4.999850996	0.000152588
2024-10-22 00:42:06.288078	0.000152588	0.000152588	2.997133496	1.360016844	4.999850996	4.999850996	4.999850996	4.999850996	4.999850996	4.779361336	-4.11758718	-3.772433124	1.385804216	4.999850996	4.999850996	3.6163355999999998	4.999850996	4.999850996	0.000152588
2024-10-22 00:42:06.323253	0.000152588	0.000152588	2.403566176	4.999850996	4.999850996	4.999850996	4.999850996	4.999850996	4.999850996	-4.008944524	-4.07638842	-3.167574292	4.999850996	4.67529632	4.999850996	3.672182808	4.999850996	-3.84445466	0.000152588
2024-10-22 00:42:06.358983	0.000152588	0.000152588	1.02691724	4.999850996	4.999850996	4.999850996	1.967317084	-2.187959332	-3.872225676	-3.852694412	2.950441568	4.999850996	4.999850996	4.999850996	4.999850996	3.463442424	-3.877108492	-3.451998324	0.000152588
2024-10-22 00:42:06.395291	0.000152588	0.000152588	-1.1650093799999999	4.999850996	2.622072192	3.938601456	-3.945467916	-4.050753636	-3.697817592	4.999850996	4.999850996	4.999850996	4.999850996	4.999850996	-3.730624012	-3.071443852	-3.969881996	-0.544128808	0.000152588
2024-10-22 00:42:06.431097	0.000152588	0.000152588	-2.3890703159999997	4.999850996	-4.731601292	-4.01993086	-3.591463756	1.848908796	4.999850996	4.999850996	4.999850996	4.999850996	4.929813104	-3.951876612	-4.77066382	-3.418123788	4.999850996	4.999850996	0.000152588
2024-10-22 00:42:06.466954	0.000152588	0.000152588	-3.318636412	-4.4929536599999995	-3.6622645879999998	-4.327700856	-0.247802912	4.999850996	4.999850996	4.999850996	4.999850996	0.852051392	-4.255831908	-3.386080308	3.009340536	4.512332336	3.22876208	4.999850996	0.000152588
2024-10-22 00:42:06.502607	0.000152588	0.000152588	-3.053133292	-4.063265852	-3.169100172	4.999850996	4.999850996	4.999850996	4.999850996	4.999850996	4.834598192	-4.023898148	-4.199374348	-3.472445116	4.999850996	4.021304152	4.999850996	4.999850996	0.000152588
2024-10-22 00:42:06.538535	0.000152588	0.000152588	-2.734529548	1.792603824	4.999850996	4.999850996	4.999850996	4.999850996	4.999850996	-0.661316392	-3.590243052	-3.67813374	4.999850996	4.999850996	4.999850996	3.843386544	4.999850996	4.9996984079999995	0.000152588
2024-10-22 00:42:06.574070	0.000152588	0.000152588	-1.875153932	4.999850996	4.830325728	4.999850996	4.154360888	4.999850996	-4.006503116	-4.049227756	-3.275606596	4.999850996	4.999850996	4.306643712	4.999850996	3.984683032	2.356111308	-4.029696492	0.000152588
2024-10-22 00:42:06.609894	0.000152588	0.000152588	-0.6335453759999999	4.999850996	4.999850996	4.999850996	0.501861932	-4.170077452	-4.043124236	-0.84152282	4.999850996	4.999850996	4.999850996	4.5051607	4.9996984079999995	-3.248751108	-3.559725452	-1.15890586	0.000152588
2024-10-22 00:42:06.645161	0.000152588	0.000152588	1.046448504	4.999850996	3.082887952	4.999850996	-3.980868332	-4.0931731	-4.2683441239999995	4.999850996	4.999850996	4.999850996	4.999850996	4.999850996	-3.645174732	-3.327791692	-3.7892178039999997	1.122589916	0.000152588
2024-10-22 00:42:06.680880	0.000152588	0.000152588	2.67257882	4.999850996	-4.645694248	-3.452456088	-3.648836844	1.4326487319999999	4.999850996	4.999850996	4.999850996	4.999850996	4.999850996	-3.7269619	-3.024599336	-3.18374862	4.999850996	4.999850996	0.000152588
2024-10-22 00:42:06.716754	0.000152588	0.000152588	3.691408896	-4.342501892	-3.3268761639999997	-4.395907692	-2.231904676	4.999850996	4.999850996	4.999850996	4.999850996	1.021271484	-2.8834554359999998	-2.070466572	1.1613472679999999	4.168093808	4.0881376959999995	4.791568376	0.000152588
2024-10-22 00:42:06.752462	0.000152588	0.000152588	3.2875084599999997	-3.9759855159999997	-3.233797484	4.999850996	4.999850996	4.999850996	4.999850996	4.999850996	4.999850996	-4.116366476	-4.229891948	-4.070132312	4.999850996	4.307864416	4.999850996	4.999850996	0.000152588
2024-10-22 00:42:06.788092	0.000152588	0.000152588	2.969972832	0.163879512	4.999850996	4.999850996	4.999850996	4.999850996	4.999850996	4.791873552	-3.951571436	-3.824007868	1.05362014	4.999850996	4.999850996	4.114077656	4.999850996	4.999850996	0.000152588
2024-10-22 00:42:06.823941	0.000152588	0.000152588	2.366334704	4.999850996	4.999850996	4.999850996	4.999850996	4.999850996	-1.85623302	-4.1537505359999995	-3.87039462	4.21219174	4.999850996	4.635165676	4.999850996	3.6746242159999998	3.7417629359999998	-4.317782636	0.000152588
2024-10-22 00:42:06.859886	0.000152588	0.000152588	0.9048468399999999	4.999850996	4.512942688	4.999850996	0.5923466159999999	-4.1371184439999995	-4.03747848	-1.355439204	4.999850996	4.999850996	4.999850996	4.659427168	4.999850996	-3.9088467959999997	-1.9860854079999999	-3.8285855079999997	0.000152588
2024-10-22 00:42:06.895571	0.000152588	0.000152588	-0.8366400039999999	4.999850996	4.999850996	3.653567072	-4.087679932	-4.096835212	-4.08706958	4.999850996	4.999850996	4.999850996	4.999850996	4.999850996	-3.98941326	-3.051912588	-4.519809148	1.331177712	0.000152588
2024-10-22 00:42:06.930893	0.000152588	0.000152588	-2.550355832	4.999850996	-0.262298772	-3.958285308	-3.772890888	-2.098390176	1.891175672	4.999850996	4.999850996	4.999850996	4.999850996	-3.28140494	-2.758943628	-3.3619714039999997	1.219483296	4.999850996	0.000152588
2024-10-22 00:42:06.966373	0.000152588	0.000152588	-3.492891908	2.50778378	-3.271639308	-4.260409548	-2.959596848	4.999850996	4.999850996	4.999850996	4.999850996	4.999850996	-2.917635148	-2.579042376	-3.7818935799999998	4.999850996	4.999850996	4.999850996	0.000152588
2024-10-22 00:42:07.002001	0.000152588	0.000152588	-3.119051308	-3.961642244	-3.425753188	0.896607088	4.999850996	4.999850996	4.999850996	4.999850996	4.999850996	-4.497226124	-4.3373139	-3.759920908	4.999850996	3.751223392	4.884036704	4.999850996	0.000152588
2024-10-22 00:42:07.037751	0.000152588	0.000152588	-2.651826852	-1.060028836	4.999850996	4.999850996	4.999850996	4.999850996	4.999850996	4.999850996	-4.0168791	-4.0626555	0.42434722799999997	4.999850996	4.999850996	3.251955456	4.999850996	4.999850996	0.000152588
2024-10-22 00:42:07.073094	0.000152588	0.000152588	-1.942597828	4.999850996	4.999850996	4.999850996	4.999850996	4.999850996	4.999850996	-4.360507276	-4.485019084	-3.623812412	4.999850996	4.999850996	4.999850996	4.048007052	4.9108921919999995	3.969729408	0.000152588
2024-10-22 00:42:07.108185	0.000152588	0.000152588	-0.690155524	4.999850996	4.999850996	4.999850996	4.400790508	4.999850996	-3.94134804	-3.87344638	-3.34244014	4.999850996	4.999850996	4.826663616	4.999850996	4.231570416	3.508303296	-1.9511427559999999	0.000152588
2024-10-22 00:42:07.143259	0.000152588	0.000152588	1.011505852	4.999850996	4.999850996	4.999850996	0.85601868	-4.268954476	-4.015200632	-3.19595566	4.999850996	4.999850996	4.999850996	4.729312472	4.999850996	-3.599093156	-2.713472404	-1.468201736	0.000152588
2024-10-22 00:42:07.178962	0.000152588	0.000152588	2.6611347199999997	4.999850996	4.4238312959999995	4.999850996	-4.08706958	-4.095004156	-4.15726006	4.999850996	4.999850996	4.999850996	4.999850996	4.0518217519999995	-4.35562446	-3.7269619	-4.405673324	1.25808806	0.000152588
2024-10-22 00:42:07.214649	0.000152588	0.000152588	3.719027324	4.999850996	-4.620517228	-3.860018636	-3.6587550639999997	1.20086756	4.999850996	4.999850996	4.999850996	4.999850996	4.999850996	-4.765781004	-2.15835726	-3.483126276	1.136933188	4.999850996	0.000152588
2024-10-22 00:42:07.249956	0.000152588	0.000152588	3.717348856	1.228638576	-3.842013252	-4.196017412	-2.8907796599999998	4.999850996	4.999850996	4.999850996	4.999850996	4.915317244	-3.121797892	-2.151033036	-3.3866906599999997	4.999850996	4.999850996	4.999850996	0.000152588
2024-10-22 00:42:07.285426	0.000152588	0.000152588	3.048403064	-3.9161710199999997	-3.544466652	-0.135498144	4.999850996	4.999850996	4.999850996	4.999850996	4.999850996	-4.43191846	-3.6964443	-4.124301052	4.999850996	4.329226736	4.999850996	4.999850996	0.000152588
2024-10-22 00:42:07.321310	0.000152588	0.000152588	2.239381488	-1.743928252	4.999850996	4.999850996	4.999850996	4.999850996	4.999850996	4.999850996	-4.085238524	-3.5792567159999997	1.020661132	4.999850996	4.485629436	3.451235384	4.999850996	4.999850996	0.000152588
2024-10-22 00:42:07.356984	0.000152588	0.000152588	0.828400252	4.999850996	4.999850996	4.999850996	4.999850996	4.999850996	4.204104576	-4.10232838	-3.977816572	-0.667419912	4.999850996	4.9270665199999994	4.999850996	3.975527752	4.999850996	-3.711092748	0.000152588
2024-10-22 00:42:07.392749	0.000152588	0.000152588	-0.781097972	4.999850996	4.268191536	4.999850996	3.177950276	1.305085164	-3.555452988	-3.855746172	2.081605496	4.999850996	4.999850996	4.0502958719999995	4.999850996	3.6047389119999997	-4.301913484	-2.4766558279999997	0.000152588
2024-10-22 00:42:07.428198	0.000152588	0.000152588	-2.532503036	4.999850996	4.606936896	4.999850996	-4.472812044	-4.244540396	-4.1471892519999995	2.4284380199999998	4.999850996	4.999850996	4.999850996	3.977053632	4.4207795359999995	-3.502810128	-4.342807068	-3.746493164	0.000152588
2024-10-22 00:42:07.464295	0.000152588	0.000152588	-3.2276939639999997	4.999850996	-0.619965044	-3.811800828	-3.653109308	1.610108576	4.999850996	4.999850996	4.999850996	3.487703916	1.984864704	-2.72140698	-2.96554778	4.355471872	4.970706688	4.999850996	0.000152588
2024-10-22 00:42:07.503615	0.000152588	0.000152588	-3.1471275	-2.810823548	4.999850996	4.999850996	4.999850996	4.999850996	4.999850996	4.999850996	-4.11911306	-3.994296076	-1.627656196	4.999850996	4.999850996	3.7506130399999997	4.999850996	4.975589504	0.000152588
2024-10-22 00:42:07.540331	0.000152588	0.000152588	-2.517549412	4.999850996	4.999850996	4.999850996	4.999850996	4.999850996	4.999850996	-4.130099396	-4.08859546	-2.18887486	4.999850996	4.999850996	4.999850996	4.098208504	4.999850996	-2.972261652	0.000152588
2024-10-22 00:42:07.576141	0.000152588	0.000152588	-1.77078374	4.999850996	4.43115552	4.999850996	3.1250022399999997	-0.286560264	-3.9161710199999997	-3.801424844	3.66058612	4.999850996	4.999850996	4.006350528	4.972232568	2.573854384	-4.113925068	-4.342196716	0.000152588
2024-10-22 00:42:07.612146	0.000152588	0.000152588	-0.519104376	4.999850996	2.9571554399999997	4.999850996	-4.494784716	-4.079287592	-4.045565644	4.999850996	4.999850996	4.999850996	4.999850996	4.970706688	-3.184358972	-2.840120444	-3.1446860919999997	0.9339911479999999	0.000152588
2024-10-22 00:42:07.648060	0.000152588	0.000152588	1.213990128	4.999850996	-1.487122648	-3.932040172	-3.70254782	1.060791776	4.999850996	4.999850996	4.999850996	4.999850996	4.999850996	-4.560702732	-3.73306542	-3.484804744	1.80664192	4.999850996	0.000152588
2024-10-22 00:42:07.683498	0.000152588	0.000152588	2.717287104	1.743165312	-3.900301868	-4.3067963	-2.914278212	4.999850996	4.999850996	4.999850996	4.999850996	4.999850996	-3.752596684	-4.225009132	-3.601534564	4.999850996	4.999850996	4.999850996	0.000152588
2024-10-22 00:42:07.718908	0.000152588	0.000152588	3.763125256	-4.663241868	-3.575594604	-0.774841864	4.999850996	4.999850996	4.999850996	4.999850996	4.999850996	-4.511874572	-3.922579716	-4.381259244	4.999850996	3.86963168	4.999850996	4.999850996	0.000152588
2024-10-22 00:42:07.754312	0.000152588	0.000152588	3.68957784	-3.694002892	4.474185336	4.999850996	4.999850996	4.999850996	4.999850996	4.999850996	-4.3092377079999995	-4.317782636	-3.21426622	4.999850996	4.999850996	3.147737852	4.999850996	4.999850996	0.000152588
2024-10-22 00:42:07.790174	0.000152588	0.000152588	3.13110576	4.644320956	4.999850996	4.999850996	4.999850996	4.999850996	4.999850996	-4.140780556	-4.034579308	-3.4457422159999997	4.999850996	4.337161312	4.60892054	3.5400416	4.999850996	-0.00991822	0.000152588
2024-10-22 00:42:07.825609	0.000152588	0.000152588	2.042542968	4.999850996	4.999850996	4.999850996	4.459231712	4.999850996	-3.8803128399999998	-4.243319692	-2.427522492	4.999850996	4.999850996	4.348147648	4.999850996	3.835451968	-3.393404532	-3.5719324919999997	0.000152588
2024-10-22 00:42:07.861072	0.000152588	0.000152588	0.921326344	4.999850996	3.821871636	4.999850996	0.304260472	-4.004061708	-4.010470404	-1.689606924	4.999850996	4.999850996	4.999850996	4.458011008	4.999850996	-3.861544516	-3.3342003879999997	-3.282015292	0.000152588
2024-10-22 00:42:07.896202	0.000152588	0.000152588	-0.979157196	4.999850996	4.224246192	3.705904756	-3.9381436919999997	-4.008944524	-3.907626092	4.999850996	4.999850996	4.999850996	4.999850996	4.945071904	-4.547274988	-2.62222478	-3.927157356	4.999850996	0.000152588
2024-10-22 00:42:07.932271	0.000152588	0.000152588	-2.54898254	4.999850996	-3.9628629479999997	-4.207003748	-2.925569724	4.999850996	4.999850996	4.999850996	4.999850996	0.9780890799999999	-4.065096908	-3.051912588	1.131134844	3.507387768	4.848636288	4.999850996	0.000152588
2024-10-22 00:42:07.970056	0.000152588	0.000152588	-3.452913852	-4.22134702	-3.2307457239999997	4.999850996	4.999850996	4.999850996	4.999850996	4.999850996	4.9926793599999995	-4.397738748	-3.6244227639999997	-3.535311372	4.999850996	3.776400412	4.9734532719999995	4.999850996	0.000152588
2024-10-22 00:42:08.005497	0.000152588	0.000152588	-3.1471275	1.548463024	4.999850996	4.999850996	4.999850996	4.999850996	4.999850996	4.99878288	-4.190219068	-3.83072174	1.0760505759999999	4.999850996	4.999850996	4.026492144	4.999850996	4.999850996	0.000152588
2024-10-22 00:42:08.041216	0.000152588	0.000152588	-2.745515884	4.999850996	4.999850996	4.999850996	4.999850996	4.999850996	3.509981764	-3.5711695519999997	-3.967745764	0.6167606959999999	4.999850996	4.651492592	4.999850996	4.008791936	4.999850996	-4.7206149559999995	0.000152588
2024-10-22 00:42:08.076728	0.000152588	0.000152588	-1.751252476	4.999850996	4.999850996	4.999850996	2.744447768	-3.4646631279999998	-3.421480724	-3.863985924	2.87475792	4.999850996	4.999850996	3.931887584	4.999850996	3.727114488	-3.535311372	-2.563020636	0.000152588
2024-10-22 00:42:08.111915	0.000152588	0.000152588	-0.432892156	4.999850996	4.822085976	4.999850996	-4.38003854	-3.863833336	-4.029696492	3.2824730559999997	4.999850996	4.999850996	4.999850996	4.260867312	4.722903776	-2.649080268	-0.45990023199999996	-2.392732428	0.000152588
2024-10-22 00:42:08.147726	0.000152588	0.000152588	1.256409592	4.999850996	0.7608037679999999	-3.955233548	-3.792879916	-3.572237668	-2.76718338	4.999850996	4.999850996	4.999850996	4.999850996	4.692996528	-2.71835522	-2.844698084	-1.54342762	4.999850996	0.000152588
2024-10-22 00:42:08.182977	0.000152588	0.000152588	2.7661152639999997	4.999850996	-4.126132108	-4.2042571639999995	-3.024141572	4.999850996	4.999850996	4.999850996	4.999850996	0.731964636	-3.705752168	-4.059298564	4.999850996	3.970034584	4.999850996	4.999850996	0.000152588
2024-10-22 00:42:08.221493	0.000152588	0.000152588	3.90167516	-2.696687724	4.999850996	4.999850996	4.999850996	4.999850996	4.999850996	4.999850996	-3.857577228	-4.238436876	-2.9127523319999997	4.999850996	4.999850996	3.647463552	4.999850996	4.95911	0.000152588
2024-10-22 00:42:08.256851	0.000152588	0.000152588	3.702700408	3.927157356	4.801639184	4.999850996	4.999850996	4.999850996	4.999850996	-4.268954476	-4.213565032	-3.50265754	4.999850996	4.796146016	4.946292608	4.156039356	4.999850996	4.377444544	0.000152588
2024-10-22 00:42:08.292043	0.000152588	0.000152588	3.098757104	4.999850996	4.87060896	4.999850996	4.45099196	4.999850996	-4.043124236	-4.106600844	-2.755281516	4.999850996	4.999850996	2.996370556	4.999850996	3.850100416	-3.164217356	-2.5619525199999997	0.000152588
2024-10-22 00:42:08.327972	0.000152588	0.000152588	2.133790592	4.999850996	3.13720928	4.999850996	0.41320830399999997	-3.918612428	-3.984530444	-1.458436104	4.999850996	4.999850996	4.999850996	4.440005624	4.999850996	-2.765199736	-4.126132108	-2.10495146	0.000152588
2024-10-22 00:42:08.363155	0.000152588	0.000152588	0.673828608	4.999850996	4.05578904	4.282839984	-4.102938732	-4.0626555	-4.201815756	4.999850996	4.999850996	4.999850996	4.999850996	4.973148096	-2.9594442599999997	-3.872225676	-1.981660356	0.75836236	0.000152588
2024-10-22 00:42:08.398583	0.000152588	0.000152588	-0.805969816	4.999850996	-1.46331892	-3.74527246	-3.688204548	1.282044376	4.999850996	4.999850996	4.999850996	4.999850996	4.999850996	-3.667910344	-4.353945992	-3.730624012	4.641116608	4.999850996	0.000152588
2024-10-22 00:42:08.433843	0.000152588	0.000152588	-2.541047964	3.788149688	-3.9918546679999998	-4.251254268	-2.986757512	4.999850996	4.999850996	4.999850996	4.999850996	4.210208096	-4.756015372	-3.606112204	-3.261873676	4.633182032	4.999850996	4.999850996	0.000152588
2024-10-22 00:42:08.469686	0.000152588	0.000152588	-3.196566012	-3.813631884	-3.590548228	0.058441204	4.999850996	4.999850996	4.999850996	4.999850996	4.999850996	-4.472812044	-2.710115468	-4.249423212	4.999850996	3.9709501119999997	4.999850996	4.999850996	0.000152588
2024-10-22 00:42:08.505095	0.000152588	0.000152588	-3.047640124	-2.89383142	4.999850996	4.999850996	4.999850996	4.999850996	4.999850996	4.999850996	-3.877108492	-4.088900636	-2.727205324	4.999850996	4.999850996	3.7915066239999997	4.999850996	4.999850996	0.000152588
2024-10-22 00:42:08.540362	0.000152588	0.000152588	-2.761995388	2.77404984	4.999850996	4.999850996	4.999850996	4.999850996	4.999850996	-4.488070844	-3.53775278	-3.6055018519999997	4.999850996	4.900516208	4.999850996	4.204714928	4.999850996	4.194949296	0.000152588
2024-10-22 00:42:08.576316	0.000152588	0.000152588	-1.617280212	4.999850996	4.329379324	4.999850996	3.945315328	-1.68304564	-3.606875144	-3.829501036	2.812502016	4.999850996	4.999850996	4.343875184	4.999850996	3.44238528	-4.162753228	-4.597629028	0.000152588
2024-10-22 00:42:08.612693	0.000152588	0.000152588	-0.543518456	4.999850996	2.080079616	4.999850996	-4.524691964	-4.1896087159999995	-4.114688008	4.9275242839999995	4.999850996	4.999850996	4.999850996	4.6386752	0.404815964	-3.352816124	-0.910797772	-3.711092748	0.000152588
2024-10-22 00:42:08.647991	0.000152588	0.000152588	1.30767916	4.999850996	0.8235174359999999	-3.809054244	-3.728792956	-3.473360644	-2.5260943399999998	4.999850996	4.999850996	4.999850996	4.999850996	1.596223068	-3.355867884	-3.917391724	-1.298981644	4.999850996	0.000152588
2024-10-22 00:42:08.683412	0.000152588	0.000152588	2.766725616	4.869693432	-3.982089036	-4.22134702	-3.375399148	4.999850996	4.999850996	4.999850996	4.999850996	4.3142731119999995	0.02746584	-3.831332092	-4.2799408119999995	-1.490174408	4.999850996	4.999850996	0.000152588
2024-10-22 00:42:08.719455	0.000152588	0.000152588	3.716433328	-4.406894028	-3.56827038	-0.659027572	4.999850996	4.999850996	4.999850996	4.999850996	4.999850996	-4.334872492	-2.956697676	-4.219210788	4.999850996	3.7463405759999997	4.999850996	4.999850996	0.000152588
2024-10-22 00:42:08.755132	0.000152588	0.000152588	3.684084672	-3.274691068	4.999850996	4.999850996	4.999850996	4.999850996	4.999850996	4.999850996	-4.098055916	-4.1664153399999995	-1.491395112	4.999850996	4.999850996	3.964846592	4.999850996	4.999850996	0.000152588
2024-10-22 00:42:08.790986	0.000152588	0.000152588	3.270571192	4.999850996	4.999850996	4.999850996	4.999850996	4.999850996	4.999850996	-4.016268748	-4.131625276	-3.121492716	4.999850996	4.605716192	4.999850996	3.76587184	4.999850996	-0.545349512	0.000152588
2024-10-22 00:42:08.826518	0.000152588	0.000152588	1.9831862359999999	4.999850996	4.999850996	4.999850996	4.999850996	4.825442912	-3.74069482	-4.085238524	0.078887996	4.999850996	4.999850996	4.8013340079999995	4.999850996	3.782046168	-3.2276939639999997	-3.056795404	0.000152588
2024-10-22 00:42:08.861773	0.000152588	0.000152588	0.6167606959999999	4.999850996	3.948367088	4.999850996	0.10681159999999999	-4.133456332	-4.104922376	-0.181732308	4.999850996	4.999850996	4.999850996	3.9123563199999998	4.999850996	-3.9711027	-2.485811108	-4.44717726	0.000152588
2024-10-22 00:42:08.897058	0.000152588	0.000152588	-0.758514948	4.999850996	4.16260064	1.159211036	-3.801424844	-3.97720622	-3.967440588	4.999850996	4.999850996	4.999850996	4.999850996	4.920047472	-4.299777252	-3.072969732	-3.860323812	4.999850996	0.000152588
2024-10-22 00:42:08.932800	0.000152588	0.000152588	-2.357942364	4.999850996	-4.751132556	-3.872225676	-3.626406408	1.691895744	4.999850996	4.999850996	4.999850996	4.999850996	4.999850996	-4.238436876	-3.3302331	-3.3692956279999997	4.999850996	4.999850996	0.000152588
2024-10-22 00:42:08.968438	0.000152588	0.000152588	-3.434603292	-4.232638532	-3.816073292	-4.377597132	-0.36468532	4.999850996	4.999850996	4.999850996	4.999850996	0.743561324	-3.27835318	-0.22110001199999998	0.46463045999999997	4.087222168	4.252780148	4.959415176	0.000152588
2024-10-22 00:42:09.003988	0.000152588	0.000152588	-3.37906126	-4.207919276	-3.283846348	4.999850996	4.999850996	4.999850996	4.999850996	4.999850996	4.999850996	-3.8884000039999997	-4.2189056119999995	-3.640902268	4.999850996	4.126589872	4.999850996	4.999850996	0.000152588
2024-10-22 00:42:09.039654	0.000152588	0.000152588	-2.610628092	1.509400496	4.999850996	4.999850996	4.999850996	4.999850996	4.999850996	2.275392256	-4.167636044	-3.642733324	4.999850996	4.999850996	4.999850996	4.134677036	4.999850996	4.23736876	0.000152588
2024-10-22 00:42:09.075882	0.000152588	0.000152588	-1.875764284	4.999850996	4.564364844	4.999850996	4.61426112	4.999850996	-4.072421132	-4.394686988	-3.496859196	4.999850996	4.999850996	4.464419704	4.999850996	3.708803928	-2.578279436	-3.6259486439999997	0.000152588
2024-10-22 00:42:09.111657	0.000152588	0.000152588	-0.33554101199999997	4.999850996	4.999850996	4.999850996	0.7673650519999999	-4.069064196	-4.049532932	-2.571565564	4.999850996	4.999850996	4.999850996	4.781497568	4.999850996	-3.32794428	-2.4211137959999998	-1.360016844	0.000152588
