2024-10-23 14:47:55.833205	-4.222567724	4.999850996	4.999850996	4.999850996	-4.3092377079999995	2.722475096	4.999850996	1.67389036	-4.1236907	4.999850996	4.999850996	-0.367889668	-4.1340666839999995	-0.162811396	4.999850996	3.476870168	-2.438203652	-3.151094788	0.000152588
2024-10-23 14:47:55.878746	0.000152588	0.000152588	-4.7584567799999995	4.999850996	4.999850996	4.999850996	-4.358065868	4.999850996	4.999850996	4.999850996	-0.222168128	-3.761141612	1.262970876	4.999850996	1.753693884	1.601716236	-3.149568908	4.999850996	0.000152588
2024-10-23 14:47:55.912390	0.000152588	0.000152588	-4.67453338	4.999850996	2.032014396	4.999850996	-4.25796814	4.999850996	4.999850996	4.999850996	-3.518526692	-3.802187784	1.305085164	4.999850996	1.018372312	-0.058593792	-3.320467468	4.999850996	0.000152588
2024-10-23 14:47:55.945923	0.000152588	0.000152588	-4.5863375159999995	4.999850996	1.1555489239999999	4.999850996	-4.035800012	4.999850996	4.999850996	4.999850996	-4.7950779	-3.828280332	1.28326508	4.999850996	0.699768568	-0.429382632	-3.349764364	4.999850996	0.000152588
2024-10-23 14:47:55.979348	0.000152588	0.000152588	-4.576571884	4.999850996	1.016388668	4.999850996	-4.082186764	4.999850996	4.999850996	4.999850996	-4.7584567799999995	-3.795321324	1.373292	4.999850996	0.6419377159999999	-0.5015567559999999	-3.225252556	4.999850996	0.000152588
2024-10-23 14:47:56.012743	0.000152588	0.000152588	-4.504855524	4.999850996	1.070862584	3.744662108	-4.0206938	4.999850996	4.999850996	4.999850996	-4.50210894	-3.719027324	2.626955008	4.999850996	0.455627768	-2.250215236	0.610352	4.999850996	0.000152588
2024-10-23 14:47:56.048308	0.000152588	0.000152588	4.999850996	4.673465264	-3.911288204	4.999850996	3.596804336	4.838870656	-4.103243908	-0.81710874	4.999850996	4.999850996	0.814514744	-4.2610199	4.999850996	4.519961736	-3.492586732	-4.3995698039999995	0.000152588
2024-10-23 14:47:56.084959	0.000152588	0.000152588	-4.321749924	4.999850996	2.207032832	-0.46737704399999996	-3.6915614839999997	2.1760574679999998	4.999850996	0.351867928	-4.5814547	4.999850996	4.999850996	0.143127544	-4.542392172	-3.6286952279999998	4.879459064	4.999850996	0.000152588
2024-10-23 14:47:56.122442	0.000152588	0.000152588	4.999850996	4.999850996	-3.780062524	-4.121554468	-3.262484028	4.999850996	4.999850996	-0.729218052	-4.21219174	4.999850996	4.999850996	-0.853577272	-4.446566908	-3.4333825879999997	4.999850996	4.87060896	0.000152588
2024-10-23 14:47:56.155878	0.000152588	0.000152588	4.999850996	4.999850996	-4.0846281719999995	-4.223788428	-3.23562854	4.999850996	4.999850996	-1.809846268	-4.199374348	4.999850996	4.999850996	-1.689606924	-4.300082428	-3.524325036	4.999850996	4.758304192	0.000152588
2024-10-23 14:47:56.189331	0.000152588	0.000152588	4.999850996	4.999850996	-4.4899019	-4.449618668	-3.21426622	4.999850996	4.999850996	-2.309724556	-4.108126724	4.999850996	4.999850996	-2.4415605879999998	-4.406894028	-2.89383142	4.999850996	4.523929024	0.000152588
2024-10-23 14:47:56.222777	0.000152588	0.000152588	4.999850996	4.999850996	-4.801486596	-4.57535118	-3.196108248	4.999850996	4.999850996	-4.018710156	-3.253328748	4.999850996	4.999850996	-3.264315084	-3.9663724719999998	1.148682464	4.999850996	3.5406519519999997	0.000152588
2024-10-23 14:47:56.256479	0.000152588	0.000152588	4.999850996	4.999850996	-3.96805094	-4.622043108	0.8844000479999999	4.999850996	4.999850996	-4.211581388	-2.926180076	4.999850996	4.999850996	-3.385469956	-3.948519676	1.30157564	4.999850996	3.336184032	0.000152588
2024-10-23 14:47:56.289848	0.000152588	0.000152588	4.999850996	4.999850996	-4.181063788	-4.593051388	3.686068316	4.999850996	4.999850996	-4.31900334	-2.650606148	4.999850996	4.999850996	-3.438875756	-3.96805094	1.5441905599999999	4.999850996	2.8448506719999997	0.000152588
2024-10-23 14:47:56.323259	0.000152588	0.000152588	4.999850996	4.999850996	-4.076083244	-4.591220332	4.999850996	4.999850996	4.999850996	-4.619296524	-0.9001166119999999	4.999850996	4.999850996	-3.477327932	-4.072421132	1.849671736	4.999850996	2.7310200239999998	0.000152588
2024-10-23 14:47:56.356588	0.000152588	0.000152588	4.999850996	4.999850996	-4.0512114	-4.602206668	4.999850996	4.999850996	4.999850996	-4.292453028	2.145997632	4.999850996	4.999850996	-4.70047334	-3.748476808	2.275697432	4.999850996	1.4778147799999999	0.000152588
2024-10-23 14:47:56.390207	0.000152588	0.000152588	4.999850996	4.999850996	-3.925936652	-4.458163596	4.999850996	4.999850996	4.999850996	-4.351962348	2.913210096	4.999850996	4.78515968	-4.016268748	-3.780062524	2.524415872	4.999850996	1.538697392	0.000152588
2024-10-23 14:47:56.423504	0.000152588	0.000152588	4.999850996	4.999850996	-3.828890684	-4.482577676	4.999850996	4.999850996	4.999850996	-4.345858828	3.579104128	4.999850996	4.848636288	-4.298251372	-3.709261692	2.487031812	4.999850996	1.61819574	0.000152588
2024-10-23 14:47:56.456902	0.000152588	0.000152588	4.999850996	4.999850996	-3.833163148	-4.485629436	4.999850996	4.999850996	4.999850996	-4.289706444	4.392550756	4.999850996	4.576419296	-4.64859342	-3.89328282	2.6626606	4.999850996	1.7286694519999999	0.000152588
2024-10-23 14:47:56.490355	0.000152588	0.000152588	4.999850996	4.999850996	-3.841097724	-4.476779332	4.999850996	4.999850996	4.999850996	-4.3324310839999995	4.999850996	4.999850996	3.82385528	-4.615787	-4.06875902	2.7398701279999997	4.999850996	1.692658684	0.000152588
2024-10-23 14:47:56.523706	0.000152588	0.000152588	4.999850996	4.9780309119999995	-3.8053921319999997	-4.47311722	4.999850996	4.999850996	4.999850996	-4.133456332	4.999850996	4.999850996	3.707583224	-4.598697144	-4.011691108	3.066408448	4.999850996	1.39160256	0.000152588
2024-10-23 14:47:56.557116	0.000152588	0.000152588	4.999850996	4.936526976	-3.850253004	-4.472812044	4.999850996	4.999850996	4.999850996	-4.170077452	4.999850996	4.999850996	3.572542844	-4.564364844	-4.076235832	3.5414148919999997	4.999850996	1.4260874479999999	0.000152588
2024-10-23 14:47:56.590472	0.000152588	0.000152588	4.999850996	4.742740216	-3.816378468	-4.458163596	4.999850996	4.999850996	4.999850996	-4.094393804	4.999850996	4.999850996	2.12402496	-4.322665452	-3.731844716	4.999850996	4.868167552	1.2350472719999999	0.000152588
2024-10-23 14:47:56.624140	0.000152588	0.000152588	4.999850996	1.637727004	-3.7062099319999997	-4.3849213559999995	4.999850996	4.50210894	2.93655606	-4.0422087079999995	4.999850996	4.999850996	1.45034894	-4.293521144	-3.97720622	4.999850996	4.833072312	1.356659908	0.000152588
2024-10-23 14:47:56.657502	0.000152588	0.000152588	4.282839984	-0.45623811999999997	-3.70254782	-4.326937916	4.999850996	4.697268992	2.854005952	-4.0553312759999995	4.999850996	4.999850996	1.016846432	-4.277499404	-3.683016556	4.999850996	4.926761344	1.2893686	0.000152588
2024-10-23 14:47:56.690871	0.000152588	0.000152588	4.780887216	-1.418610636	-3.6850001999999997	-4.31289982	4.999850996	4.7607456	2.0930495959999997	-4.033358604	4.999850996	4.999850996	0.633850552	-4.229281596	-2.840273032	4.999850996	4.791568376	1.183014764	0.000152588
2024-10-23 14:47:56.724276	0.000152588	0.000152588	4.20532528	-4.792636492	-3.697054652	-4.250796504	4.999850996	4.671023856	0.391845984	-4.034579308	4.999850996	4.999850996	0.152740588	-4.202120932	-0.592499204	4.999850996	4.609378304	1.1584480959999999	0.000152588
2024-10-23 14:47:56.757726	0.000152588	0.000152588	3.6441066159999997	-4.736484108	-3.7483242199999998	-4.289859032	4.999850996	4.747317856	-0.224609536	-4.067538316	4.999850996	4.999850996	-0.299377656	-4.254306028	0.67443896	4.999850996	4.510653868	1.12381062	0.000152588
2024-10-23 14:47:56.791150	0.000152588	0.000152588	2.4029558239999997	-4.6110567719999995	-3.681795852	1.8386854	4.999850996	4.341433776	-4.117892356	-3.83072174	4.999850996	4.999850996	-1.068573764	-4.052889868	2.344362032	4.999850996	3.459475136	1.020661132	0.000152588
2024-10-23 14:47:56.824625	0.000152588	0.000152588	0.98495554	-4.567111428	-3.585360236	4.999850996	4.999850996	3.4487939759999997	-4.293368556	4.097903328	4.999850996	3.760378672	-3.526156092	-3.92303748	3.795473912	4.762576656	1.13525472	-0.384063996	0.000152588
2024-10-23 14:47:56.858499	0.000152588	0.000152588	-3.7727383	-4.210360684	-3.394472648	4.999850996	3.620302888	2.895509888	-4.195712236	4.999850996	4.999850996	3.059084224	-4.118807884	-4.1896087159999995	4.124301052	4.71191744	1.18408288	-1.129608964	0.000152588
2024-10-23 14:47:56.892469	0.000152588	0.000152588	-3.76968654	-4.07867724	-3.09829934	4.999850996	0.889435452	-4.140780556	-4.008944524	4.999850996	4.999850996	-0.703888444	-4.082186764	-0.122985928	4.999850996	4.1421538479999995	0.017700208	-3.472597704	0.000152588
2024-10-23 14:47:56.926461	0.000152588	0.000152588	-4.0779143	-3.2589745039999998	4.999850996	4.999850996	0.633087612	-4.150546188	1.66626096	4.999850996	4.999850996	-3.214418808	-3.8737515559999998	0.701447036	4.999850996	3.258058976	-1.819764488	-3.694308068	0.000152588
2024-10-23 14:47:56.960276	0.000152588	0.000152588	-4.040377652	0.940094668	4.999850996	4.999850996	0.477142676	-4.0290861399999995	4.999850996	4.999850996	4.7781406319999995	-4.7468600919999995	-4.000399596	1.1846932319999999	4.999850996	3.072054204	-3.267977196	-3.375399148	0.000152588
2024-10-23 14:47:56.993873	0.000152588	0.000152588	-4.336398372	1.188050168	4.999850996	4.999850996	-0.35980250399999997	-4.045718232	4.999850996	4.999850996	4.41284496	-4.492343308	-3.909457148	2.268830972	4.999850996	3.166506176	-3.423006604	-2.937776764	0.000152588
2024-10-23 14:47:57.027340	0.000152588	0.000152588	-3.576815308	1.213532364	4.999850996	4.999850996	-1.301423052	-4.012606636	4.999850996	4.999850996	4.20532528	-4.280551164	-3.9759855159999997	4.999850996	4.999850996	3.048403064	-3.470156296	-1.361542724	0.000152588
2024-10-23 14:47:57.060775	0.000152588	0.000152588	-3.806918012	1.27563568	4.999850996	4.999850996	-3.645785084	-4.054110572	4.999850996	4.999850996	3.82080352	-4.240878284	-3.287813636	4.999850996	4.999850996	2.947389808	-3.609163964	1.265870048	0.000152588
2024-10-23 14:47:57.094214	0.000152588	0.000152588	-4.375155724	1.347962392	4.999850996	4.999850996	-4.541171468	-3.990023612	4.999850996	4.999850996	3.291017984	-4.126132108	-2.129823304	4.999850996	4.999850996	2.910158336	-3.303377612	1.651917688	0.000152588
2024-10-23 14:47:57.127613	0.000152588	0.000152588	-4.364169388	1.401673368	4.999850996	4.999850996	-4.423983884	-4.000704772	4.999850996	4.999850996	3.441317164	-4.126284696	-0.989685768	4.999850996	4.999850996	2.822267648	-3.273165188	2.375489984	0.000152588
2024-10-23 14:47:57.160996	0.000152588	0.000152588	-4.675448908	1.400452664	4.999850996	4.999850996	-4.51431598	-3.979647628	4.999850996	4.999850996	3.326723576	-4.08859546	-1.965486028	4.999850996	4.999850996	3.0621359839999998	-3.066561036	1.724854752	0.000152588
2024-10-23 14:47:57.194193	0.000152588	0.000152588	-4.010470404	1.321717256	4.999850996	4.999850996	-4.512484924	-3.9335660519999998	4.999850996	4.999850996	3.182680504	-4.11148366	-1.8539442	4.999850996	4.999850996	2.994692088	-3.274691068	1.838990576	0.000152588
2024-10-23 14:47:57.227563	0.000152588	0.000152588	-4.463351588	1.32446384	4.999850996	4.999850996	-4.375155724	-4.016268748	4.999850996	4.999850996	2.1987930799999997	-4.049227756	0.80719052	4.999850996	4.972385156	2.845155848	-3.1471275	3.723452376	0.000152588
2024-10-23 14:47:57.261083	0.000152588	0.000152588	-4.348300236	3.087465592	4.999850996	4.999850996	-4.553378508	-3.8337735	4.999850996	4.999850996	1.73645144	-3.88870518	0.8621222	4.999850996	4.999850996	2.798616508	-3.453524204	4.51813068	0.000152588
2024-10-23 14:47:57.294402	0.000152588	0.000152588	-4.439853036	2.056428476	4.999850996	4.999850996	-4.5716890679999995	-4.022677444	4.999850996	4.999850996	2.711793936	-4.039462124	0.01983644	4.999850996	4.999850996	2.9296896	-3.133699756	2.982942812	0.000152588
2024-10-23 14:47:57.327638	0.000152588	0.000152588	-4.41665966	4.999850996	4.999850996	4.999850996	-4.029696492	4.999850996	4.999850996	2.764436796	-4.181063788	-2.307283148	4.999850996	4.928134636	0.057067912	-4.516757388	4.999850996	4.999850996	0.000152588
2024-10-23 14:47:57.362991	0.000152588	0.000152588	4.999850996	4.999850996	1.05133132	-4.253085324	-0.541229636	4.999850996	4.999850996	0.602875188	-4.23965758	-2.13394318	4.999850996	4.72030978	-0.140075784	-4.072421132	4.999850996	4.999850996	0.000152588
2024-10-23 14:47:57.396476	0.000152588	0.000152588	4.999850996	4.999850996	0.986634008	-4.141390908	1.3539133239999999	4.999850996	4.999850996	-2.574006972	-4.138339148	-1.969453316	4.999850996	4.3420441279999995	-2.202455192	-4.03824142	4.999850996	4.999850996	0.000152588
2024-10-23 14:47:57.430105	0.000152588	0.000152588	4.999850996	4.999850996	0.85907044	-3.625643468	4.999850996	4.999850996	4.999850996	-3.48892462	-4.1664153399999995	-1.811677324	4.999850996	4.313052408	-2.98385834	-3.8679532119999998	4.999850996	4.999850996	0.000152588
2024-10-23 14:47:57.463566	0.000152588	0.000152588	4.999850996	4.999850996	1.021271484	-4.20913998	4.999850996	4.999850996	4.999850996	-4.736484108	-4.140780556	-1.73111086	4.999850996	4.10766896	-3.165743236	-4.010317816	4.999850996	4.949496956	0.000152588
2024-10-23 14:47:57.497160	0.000152588	0.000152588	4.999850996	4.999850996	-0.384369172	-4.17251886	4.999850996	4.999850996	4.999850996	-4.45328078	-4.116366476	0.056915323999999996	4.999850996	3.867800624	-3.393709708	-3.154451724	4.999850996	4.71344332	0.000152588
2024-10-23 14:47:57.530594	0.000152588	0.000152588	4.999850996	4.999850996	-1.328888892	-4.2385894639999995	4.999850996	4.999850996	4.999850996	-4.423983884	-3.902743276	2.469026428	4.999850996	3.828280332	-3.724825668	-1.199799444	4.999850996	3.9131192599999998	0.000152588
2024-10-23 14:47:57.564103	0.000152588	0.000152588	4.999850996	4.999850996	-4.511874572	-4.016268748	4.999850996	4.999850996	4.999850996	-4.316561932	-2.70767406	4.999850996	4.999850996	3.597109512	-3.372347388	4.29687808	4.999850996	1.360627196	0.000152588
2024-10-23 14:47:57.597750	0.000152588	0.000152588	4.999850996	4.999850996	-4.6469149519999995	-4.365390092	4.999850996	4.999850996	4.726565888	-4.109042252	-1.772614796	4.999850996	4.999850996	3.500979072	-3.609926904	4.999850996	4.999850996	0.271759228	0.000152588
2024-10-23 14:47:57.631156	0.000152588	0.000152588	4.999850996	4.999850996	-4.26407166	4.999850996	4.999850996	4.8013340079999995	-4.0626555	1.603089528	4.999850996	4.54407064	-3.323519228	-1.58538932	4.999850996	0.205078272	-4.394686988	-2.200471548	0.000152588
2024-10-23 14:47:57.668773	0.000152588	0.000152588	-4.510653868	4.999850996	4.999850996	4.999850996	-4.329531912	-4.012606636	-3.93142982	4.999850996	2.620393724	-1.5983593	-3.071443852	4.999850996	4.999850996	-4.43191846	-4.150546188	1.520081656	0.000152588
2024-10-23 14:47:57.702430	0.000152588	0.000152588	-4.225009132	4.999850996	4.1729766239999995	4.999850996	-4.119418236	-3.756258796	1.328125952	4.999850996	2.075807152	-4.624789692	-0.6710820239999999	4.999850996	4.999850996	-4.029696492	-4.053652808	2.890932248	0.000152588
2024-10-23 14:47:57.735908	0.000152588	0.000152588	-4.2839081	4.999850996	2.645570744	4.778445808	-4.033358604	-2.174531588	4.999850996	4.999850996	1.8774427519999999	-4.488681196	2.512208832	4.999850996	2.776186072	-4.240878284	-3.707430636	3.11584696	0.000152588
